[layer 0]
tensor([[0., 0., 0., 0., 0., 0., 0., 0., 0., 0., 0., 0., 0., 0., 0., 0., 0., 0., 0., 0., 0.],
        [0., 0., 0., 0., 0., 0., 0., 0., 0., 0., 0., 0., 0., 0., 0., 0., 0., 0., 0., 0., 0.],
        [0., 0., 0., 0., 0., 0., 0., 0., 0., 0., 0., 0., 0., 0., 0., 0., 0., 0., 0., 0., 0.],
        [0., 0., 0., 0., 0., 0., 0., 0., 0., 0., 0., 0., 0., 0., 0., 0., 0., 0., 0., 0., 0.],
        [0., 0., 0., 0., 0., 0., 0., 0., 0., 0., 0., 0., 0., 0., 0., 0., 0., 0., 0., 0., 0.],
        [0., 0., 0., 0., 0., 0., 0., 0., 0., 0., 0., 0., 0., 0., 0., 0., 0., 0., 0., 0., 0.],
        [0., 0., 0., 0., 0., 0., 0., 0., 0., 0., 0., 0., 0., 0., 0., 0., 0., 0., 0., 0., 0.],
        [0., 0., 0., 0., 0., 0., 0., 0., 0., 0., 0., 0., 0., 0., 0., 0., 0., 0., 0., 0., 0.],
        [0., 0., 0., 0., 0., 0., 0., 0., 0., 0., 0., 0., 0., 0., 0., 0., 0., 0., 0., 0., 0.],
        [0., 0., 0., 0., 0., 0., 0., 0., 0., 0., 0., 0., 0., 0., 0., 0., 0., 0., 0., 0., 0.]])
tensor([0., 0., 0., 0., 0., 0., 0., 0., 0., 0., 0., 0., 0., 0., 0., 0., 0., 0., 0., 0., 0.])
[layer 1]
tensor([[0., 0., 0., 0., 0., 0., 0., 0., 0., 0., 0., 0., 0., 0., 0., 0., 0., 0., 0., 0., 0.],
        [0., 0., 0., 0., 0., 0., 0., 0., 0., 0., 0., 0., 0., 0., 0., 0., 0., 0., 0., 0., 0.],
        [0., 0., 0., 0., 0., 0., 0., 0., 0., 0., 0., 0., 0., 0., 0., 0., 0., 0., 0., 0., 0.],
        [0., 0., 0., 0., 0., 0., 0., 0., 0., 0., 0., 0., 0., 0., 0., 0., 0., 0., 0., 0., 0.],
        [0., 0., 0., 0., 0., 0., 0., 0., 0., 0., 0., 0., 0., 0., 0., 0., 0., 0., 0., 0., 0.],
        [0., 0., 0., 0., 0., 0., 0., 0., 0., 0., 0., 0., 0., 0., 0., 0., 0., 0., 0., 0., 0.],
        [0., 0., 0., 0., 0., 0., 0., 0., 0., 0., 0., 0., 0., 0., 0., 0., 0., 0., 0., 0., 0.],
        [0., 0., 0., 0., 0., 0., 0., 0., 0., 0., 0., 0., 0., 0., 0., 0., 0., 0., 0., 0., 0.],
        [0., 0., 0., 0., 0., 0., 0., 0., 0., 0., 0., 0., 0., 0., 0., 0., 0., 0., 0., 0., 0.],
        [0., 0., 0., 0., 0., 0., 0., 0., 0., 0., 0., 0., 0., 0., 0., 0., 0., 0., 0., 0., 0.],
        [0., 0., 0., 0., 0., 0., 0., 0., 0., 0., 0., 0., 0., 0., 0., 0., 0., 0., 0., 0., 0.],
        [0., 0., 0., 0., 0., 0., 0., 0., 0., 0., 0., 0., 0., 0., 0., 0., 0., 0., 0., 0., 0.],
        [0., 0., 0., 0., 0., 0., 0., 0., 0., 0., 0., 0., 0., 0., 0., 0., 0., 0., 0., 0., 0.],
        [0., 0., 0., 0., 0., 0., 0., 0., 0., 0., 0., 0., 0., 0., 0., 0., 0., 0., 0., 0., 0.],
        [0., 0., 0., 0., 0., 0., 0., 0., 0., 0., 0., 0., 0., 0., 0., 0., 0., 0., 0., 0., 0.],
        [0., 0., 0., 0., 0., 0., 0., 0., 0., 0., 0., 0., 0., 0., 0., 0., 0., 0., 0., 0., 0.],
        [0., 0., 0., 0., 0., 0., 0., 0., 0., 0., 0., 0., 0., 0., 0., 0., 0., 0., 0., 0., 0.],
        [0., 0., 0., 0., 0., 0., 0., 0., 0., 0., 0., 0., 0., 0., 0., 0., 0., 0., 0., 0., 0.],
        [0., 0., 0., 0., 0., 0., 0., 0., 0., 0., 0., 0., 0., 0., 0., 0., 0., 0., 0., 0., 0.],
        [0., 0., 0., 0., 0., 0., 0., 0., 0., 0., 0., 0., 0., 0., 0., 0., 0., 0., 0., 0., 0.],
        [0., 0., 0., 0., 0., 0., 0., 0., 0., 0., 0., 0., 0., 0., 0., 0., 0., 0., 0., 0., 0.]])
tensor([0., 0., 0., 0., 0., 0., 0., 0., 0., 0., 0., 0., 0., 0., 0., 0., 0., 0., 0., 0., 0.])
layer 2
tensor([[0., 0., 0., 0., 0., 0., 0., 0., 0., 0., 0., 0., 0., 0., 0., 0., 0., 0., 0., 0., 0.],
        [0., 0., 0., 0., 0., 0., 0., 0., 0., 0., 0., 0., 0., 0., 0., 0., 0., 0., 0., 0., 0.],
        [0., 0., 0., 0., 0., 0., 0., 0., 0., 0., 0., 0., 0., 0., 0., 0., 0., 0., 0., 0., 0.],
        [0., 0., 0., 0., 0., 0., 0., 0., 0., 0., 0., 0., 0., 0., 0., 0., 0., 0., 0., 0., 0.],
        [0., 0., 0., 0., 0., 0., 0., 0., 0., 0., 0., 0., 0., 0., 0., 0., 0., 0., 0., 0., 0.],
        [0., 0., 0., 0., 0., 0., 0., 0., 0., 0., 0., 0., 0., 0., 0., 0., 0., 0., 0., 0., 0.],
        [0., 0., 0., 0., 0., 0., 0., 0., 0., 0., 0., 0., 0., 0., 0., 0., 0., 0., 0., 0., 0.],
        [0., 0., 0., 0., 0., 0., 0., 0., 0., 0., 0., 0., 0., 0., 0., 0., 0., 0., 0., 0., 0.],
        [0., 0., 0., 0., 0., 0., 0., 0., 0., 0., 0., 0., 0., 0., 0., 0., 0., 0., 0., 0., 0.],
        [0., 0., 0., 0., 0., 0., 0., 0., 0., 0., 0., 0., 0., 0., 0., 0., 0., 0., 0., 0., 0.],
        [0., 0., 0., 0., 0., 0., 0., 0., 0., 0., 0., 0., 0., 0., 0., 0., 0., 0., 0., 0., 0.],
        [0., 0., 0., 0., 0., 0., 0., 0., 0., 0., 0., 0., 0., 0., 0., 0., 0., 0., 0., 0., 0.],
        [0., 0., 0., 0., 0., 0., 0., 0., 0., 0., 0., 0., 0., 0., 0., 0., 0., 0., 0., 0., 0.],
        [0., 0., 0., 0., 0., 0., 0., 0., 0., 0., 0., 0., 0., 0., 0., 0., 0., 0., 0., 0., 0.],
        [0., 0., 0., 0., 0., 0., 0., 0., 0., 0., 0., 0., 0., 0., 0., 0., 0., 0., 0., 0., 0.],
        [0., 0., 0., 0., 0., 0., 0., 0., 0., 0., 0., 0., 0., 0., 0., 0., 0., 0., 0., 0., 0.],
        [0., 0., 0., 0., 0., 0., 0., 0., 0., 0., 0., 0., 0., 0., 0., 0., 0., 0., 0., 0., 0.],
        [0., 0., 0., 0., 0., 0., 0., 0., 0., 0., 0., 0., 0., 0., 0., 0., 0., 0., 0., 0., 0.],
        [0., 0., 0., 0., 0., 0., 0., 0., 0., 0., 0., 0., 0., 0., 0., 0., 0., 0., 0., 0., 0.],
        [0., 0., 0., 0., 0., 0., 0., 0., 0., 0., 0., 0., 0., 0., 0., 0., 0., 0., 0., 0., 0.],
        [0., 0., 0., 0., 0., 0., 0., 0., 0., 0., 0., 0., 0., 0., 0., 0., 0., 0., 0., 0., 0.]])
tensor([0., 0., 0., 0., 0., 0., 0., 0., 0., 0., 0., 0., 0., 0., 0., 0., 0., 0., 0., 0., 0.])
layer 3
tensor([[0., 0., 0., 0., 0., 0., 0., 0., 0., 0., 0., 0., 0., 0., 0., 0., 0., 0., 0., 0., 0.],
        [0., 0., 0., 0., 0., 0., 0., 0., 0., 0., 0., 0., 0., 0., 0., 0., 0., 0., 0., 0., 0.],
        [0., 0., 0., 0., 0., 0., 0., 0., 0., 0., 0., 0., 0., 0., 0., 0., 0., 0., 0., 0., 0.],
        [0., 0., 0., 0., 0., 0., 0., 0., 0., 0., 0., 0., 0., 0., 0., 0., 0., 0., 0., 0., 0.],
        [0., 0., 0., 0., 0., 0., 0., 0., 0., 0., 0., 0., 0., 0., 0., 0., 0., 0., 0., 0., 0.],
        [0., 0., 0., 0., 0., 0., 0., 0., 0., 0., 0., 0., 0., 0., 0., 0., 0., 0., 0., 0., 0.],
        [0., 0., 0., 0., 0., 0., 0., 0., 0., 0., 0., 0., 0., 0., 0., 0., 0., 0., 0., 0., 0.],
        [0., 0., 0., 0., 0., 0., 0., 0., 0., 0., 0., 0., 0., 0., 0., 0., 0., 0., 0., 0., 0.],
        [0., 0., 0., 0., 0., 0., 0., 0., 0., 0., 0., 0., 0., 0., 0., 0., 0., 0., 0., 0., 0.],
        [0., 0., 0., 0., 0., 0., 0., 0., 0., 0., 0., 0., 0., 0., 0., 0., 0., 0., 0., 0., 0.],
        [0., 0., 0., 0., 0., 0., 0., 0., 0., 0., 0., 0., 0., 0., 0., 0., 0., 0., 0., 0., 0.],
        [0., 0., 0., 0., 0., 0., 0., 0., 0., 0., 0., 0., 0., 0., 0., 0., 0., 0., 0., 0., 0.],
        [0., 0., 0., 0., 0., 0., 0., 0., 0., 0., 0., 0., 0., 0., 0., 0., 0., 0., 0., 0., 0.],
        [0., 0., 0., 0., 0., 0., 0., 0., 0., 0., 0., 0., 0., 0., 0., 0., 0., 0., 0., 0., 0.],
        [0., 0., 0., 0., 0., 0., 0., 0., 0., 0., 0., 0., 0., 0., 0., 0., 0., 0., 0., 0., 0.],
        [0., 0., 0., 0., 0., 0., 0., 0., 0., 0., 0., 0., 0., 0., 0., 0., 0., 0., 0., 0., 0.],
        [0., 0., 0., 0., 0., 0., 0., 0., 0., 0., 0., 0., 0., 0., 0., 0., 0., 0., 0., 0., 0.],
        [0., 0., 0., 0., 0., 0., 0., 0., 0., 0., 0., 0., 0., 0., 0., 0., 0., 0., 0., 0., 0.],
        [0., 0., 0., 0., 0., 0., 0., 0., 0., 0., 0., 0., 0., 0., 0., 0., 0., 0., 0., 0., 0.],
        [0., 0., 0., 0., 0., 0., 0., 0., 0., 0., 0., 0., 0., 0., 0., 0., 0., 0., 0., 0., 0.],
        [0., 0., 0., 0., 0., 0., 0., 0., 0., 0., 0., 0., 0., 0., 0., 0., 0., 0., 0., 0., 0.]])
tensor([0., 0., 0., 0., 0., 0., 0., 0., 0., 0., 0., 0., 0., 0., 0., 0., 0., 0., 0., 0., 0.])
layer 4
tensor([[0., 0., 0., 0., 0., 0., 0., 0., 0., 0., 0., 0., 0., 0., 0., 0., 0., 0., 0., 0., 0.],
        [0., 0., 0., 0., 0., 0., 0., 0., 0., 0., 0., 0., 0., 0., 0., 0., 0., 0., 0., 0., 0.],
        [0., 0., 0., 0., 0., 0., 0., 0., 0., 0., 0., 0., 0., 0., 0., 0., 0., 0., 0., 0., 0.],
        [0., 0., 0., 0., 0., 0., 0., 0., 0., 0., 0., 0., 0., 0., 0., 0., 0., 0., 0., 0., 0.],
        [0., 0., 0., 0., 0., 0., 0., 0., 0., 0., 0., 0., 0., 0., 0., 0., 0., 0., 0., 0., 0.],
        [0., 0., 0., 0., 0., 0., 0., 0., 0., 0., 0., 0., 0., 0., 0., 0., 0., 0., 0., 0., 0.],
        [0., 0., 0., 0., 0., 0., 0., 0., 0., 0., 0., 0., 0., 0., 0., 0., 0., 0., 0., 0., 0.],
        [0., 0., 0., 0., 0., 0., 0., 0., 0., 0., 0., 0., 0., 0., 0., 0., 0., 0., 0., 0., 0.],
        [0., 0., 0., 0., 0., 0., 0., 0., 0., 0., 0., 0., 0., 0., 0., 0., 0., 0., 0., 0., 0.],
        [0., 0., 0., 0., 0., 0., 0., 0., 0., 0., 0., 0., 0., 0., 0., 0., 0., 0., 0., 0., 0.],
        [0., 0., 0., 0., 0., 0., 0., 0., 0., 0., 0., 0., 0., 0., 0., 0., 0., 0., 0., 0., 0.],
        [0., 0., 0., 0., 0., 0., 0., 0., 0., 0., 0., 0., 0., 0., 0., 0., 0., 0., 0., 0., 0.],
        [0., 0., 0., 0., 0., 0., 0., 0., 0., 0., 0., 0., 0., 0., 0., 0., 0., 0., 0., 0., 0.],
        [0., 0., 0., 0., 0., 0., 0., 0., 0., 0., 0., 0., 0., 0., 0., 0., 0., 0., 0., 0., 0.],
        [0., 0., 0., 0., 0., 0., 0., 0., 0., 0., 0., 0., 0., 0., 0., 0., 0., 0., 0., 0., 0.],
        [0., 0., 0., 0., 0., 0., 0., 0., 0., 0., 0., 0., 0., 0., 0., 0., 0., 0., 0., 0., 0.],
        [0., 0., 0., 0., 0., 0., 0., 0., 0., 0., 0., 0., 0., 0., 0., 0., 0., 0., 0., 0., 0.],
        [0., 0., 0., 0., 0., 0., 0., 0., 0., 0., 0., 0., 0., 0., 0., 0., 0., 0., 0., 0., 0.],
        [0., 0., 0., 0., 0., 0., 0., 0., 0., 0., 0., 0., 0., 0., 0., 0., 0., 0., 0., 0., 0.],
        [0., 0., 0., 0., 0., 0., 0., 0., 0., 0., 0., 0., 0., 0., 0., 0., 0., 0., 0., 0., 0.],
        [0., 0., 0., 0., 0., 0., 0., 0., 0., 0., 0., 0., 0., 0., 0., 0., 0., 0., 0., 0., 0.]])
tensor([0., 0., 0., 0., 0., 0., 0., 0., 0., 0., 0., 0., 0., 0., 0., 0., 0., 0., 0., 0., 0.])
[layer 5]
tensor([[-2.9017e-39, -2.9017e-39, -2.9017e-39, -2.9017e-39, -2.9017e-39,
         -2.9017e-39, -2.9017e-39, -2.9017e-39, -2.9017e-39, -2.9017e-39,
         -2.9017e-39, -2.9017e-39, -2.9017e-39, -2.9017e-39, -2.9017e-39,
         -2.9017e-39, -2.9017e-39, -2.9017e-39, -2.9017e-39, -2.9017e-39,
         -2.9017e-39],
        [-2.9017e-39, -2.9017e-39, -2.9017e-39, -2.9017e-39, -2.9017e-39,
         -2.9017e-39, -2.9017e-39, -2.9017e-39, -2.9017e-39, -2.9017e-39,
         -2.9017e-39, -2.9017e-39, -2.9017e-39, -2.9017e-39, -2.9017e-39,
         -2.9017e-39, -2.9017e-39, -2.9017e-39, -2.9017e-39, -2.9017e-39,
         -2.9017e-39],
        [-2.9017e-39, -2.9017e-39, -2.9017e-39, -2.9017e-39, -2.9017e-39,
         -2.9017e-39, -2.9017e-39, -2.9017e-39, -2.9017e-39, -2.9017e-39,
         -2.9017e-39, -2.9017e-39, -2.9017e-39, -2.9017e-39, -2.9017e-39,
         -2.9017e-39, -2.9017e-39, -2.9017e-39, -2.9017e-39, -2.9017e-39,
         -2.9017e-39],
        [-2.9017e-39, -2.9017e-39, -2.9017e-39, -2.9017e-39, -2.9017e-39,
         -2.9017e-39, -2.9017e-39, -2.9017e-39, -2.9017e-39, -2.9017e-39,
         -2.9017e-39, -2.9017e-39, -2.9017e-39, -2.9017e-39, -2.9017e-39,
         -2.9017e-39, -2.9017e-39, -2.9017e-39, -2.9017e-39, -2.9017e-39,
         -2.9017e-39],
        [-2.9017e-39, -2.9017e-39, -2.9017e-39, -2.9017e-39, -2.9017e-39,
         -2.9017e-39, -2.9017e-39, -2.9017e-39, -2.9017e-39, -2.9017e-39,
         -2.9017e-39, -2.9017e-39, -2.9017e-39, -2.9017e-39, -2.9017e-39,
         -2.9017e-39, -2.9017e-39, -2.9017e-39, -2.9017e-39, -2.9017e-39,
         -2.9017e-39],
        [-2.9017e-39, -2.9017e-39, -2.9017e-39, -2.9017e-39, -2.9017e-39,
         -2.9017e-39, -2.9017e-39, -2.9017e-39, -2.9017e-39, -2.9017e-39,
         -2.9017e-39, -2.9017e-39, -2.9017e-39, -2.9017e-39, -2.9017e-39,
         -2.9017e-39, -2.9017e-39, -2.9017e-39, -2.9017e-39, -2.9017e-39,
         -2.9017e-39],
        [-2.9017e-39, -2.9017e-39, -2.9017e-39, -2.9017e-39, -2.9017e-39,
         -2.9017e-39, -2.9017e-39, -2.9017e-39, -2.9017e-39, -2.9017e-39,
         -2.9017e-39, -2.9017e-39, -2.9017e-39, -2.9017e-39, -2.9017e-39,
         -2.9017e-39, -2.9017e-39, -2.9017e-39, -2.9017e-39, -2.9017e-39,
         -2.9017e-39],
        [-2.9017e-39, -2.9017e-39, -2.9017e-39, -2.9017e-39, -2.9017e-39,
         -2.9017e-39, -2.9017e-39, -2.9017e-39, -2.9017e-39, -2.9017e-39,
         -2.9017e-39, -2.9017e-39, -2.9017e-39, -2.9017e-39, -2.9017e-39,
         -2.9017e-39, -2.9017e-39, -2.9017e-39, -2.9017e-39, -2.9017e-39,
         -2.9017e-39],
        [-2.9017e-39, -2.9017e-39, -2.9017e-39, -2.9017e-39, -2.9017e-39,
         -2.9017e-39, -2.9017e-39, -2.9017e-39, -2.9017e-39, -2.9017e-39,
         -2.9017e-39, -2.9017e-39, -2.9017e-39, -2.9017e-39, -2.9017e-39,
         -2.9017e-39, -2.9017e-39, -2.9017e-39, -2.9017e-39, -2.9017e-39,
         -2.9017e-39],
        [-2.9017e-39, -2.9017e-39, -2.9017e-39, -2.9017e-39, -2.9017e-39,
         -2.9017e-39, -2.9017e-39, -2.9017e-39, -2.9017e-39, -2.9017e-39,
         -2.9017e-39, -2.9017e-39, -2.9017e-39, -2.9017e-39, -2.9017e-39,
         -2.9017e-39, -2.9017e-39, -2.9017e-39, -2.9017e-39, -2.9017e-39,
         -2.9017e-39],
        [-2.9017e-39, -2.9017e-39, -2.9017e-39, -2.9017e-39, -2.9017e-39,
         -2.9017e-39, -2.9017e-39, -2.9017e-39, -2.9017e-39, -2.9017e-39,
         -2.9017e-39, -2.9017e-39, -2.9017e-39, -2.9017e-39, -2.9017e-39,
         -2.9017e-39, -2.9017e-39, -2.9017e-39, -2.9017e-39, -2.9017e-39,
         -2.9017e-39],
        [-2.9017e-39, -2.9017e-39, -2.9017e-39, -2.9017e-39, -2.9017e-39,
         -2.9017e-39, -2.9017e-39, -2.9017e-39, -2.9017e-39, -2.9017e-39,
         -2.9017e-39, -2.9017e-39, -2.9017e-39, -2.9017e-39, -2.9017e-39,
         -2.9017e-39, -2.9017e-39, -2.9017e-39, -2.9017e-39, -2.9017e-39,
         -2.9017e-39],
        [-2.9017e-39, -2.9017e-39, -2.9017e-39, -2.9017e-39, -2.9017e-39,
         -2.9017e-39, -2.9017e-39, -2.9017e-39, -2.9017e-39, -2.9017e-39,
         -2.9017e-39, -2.9017e-39, -2.9017e-39, -2.9017e-39, -2.9017e-39,
         -2.9017e-39, -2.9017e-39, -2.9017e-39, -2.9017e-39, -2.9017e-39,
         -2.9017e-39],
        [-2.9017e-39, -2.9017e-39, -2.9017e-39, -2.9017e-39, -2.9017e-39,
         -2.9017e-39, -2.9017e-39, -2.9017e-39, -2.9017e-39, -2.9017e-39,
         -2.9017e-39, -2.9017e-39, -2.9017e-39, -2.9017e-39, -2.9017e-39,
         -2.9017e-39, -2.9017e-39, -2.9017e-39, -2.9017e-39, -2.9017e-39,
         -2.9017e-39],
        [-2.9017e-39, -2.9017e-39, -2.9017e-39, -2.9017e-39, -2.9017e-39,
         -2.9017e-39, -2.9017e-39, -2.9017e-39, -2.9017e-39, -2.9017e-39,
         -2.9017e-39, -2.9017e-39, -2.9017e-39, -2.9017e-39, -2.9017e-39,
         -2.9017e-39, -2.9017e-39, -2.9017e-39, -2.9017e-39, -2.9017e-39,
         -2.9017e-39],
        [-2.9017e-39, -2.9017e-39, -2.9017e-39, -2.9017e-39, -2.9017e-39,
         -2.9017e-39, -2.9017e-39, -2.9017e-39, -2.9017e-39, -2.9017e-39,
         -2.9017e-39, -2.9017e-39, -2.9017e-39, -2.9017e-39, -2.9017e-39,
         -2.9017e-39, -2.9017e-39, -2.9017e-39, -2.9017e-39, -2.9017e-39,
         -2.9017e-39],
        [-2.9017e-39, -2.9017e-39, -2.9017e-39, -2.9017e-39, -2.9017e-39,
         -2.9017e-39, -2.9017e-39, -2.9017e-39, -2.9017e-39, -2.9017e-39,
         -2.9017e-39, -2.9017e-39, -2.9017e-39, -2.9017e-39, -2.9017e-39,
         -2.9017e-39, -2.9017e-39, -2.9017e-39, -2.9017e-39, -2.9017e-39,
         -2.9017e-39],
        [-2.9017e-39, -2.9017e-39, -2.9017e-39, -2.9017e-39, -2.9017e-39,
         -2.9017e-39, -2.9017e-39, -2.9017e-39, -2.9017e-39, -2.9017e-39,
         -2.9017e-39, -2.9017e-39, -2.9017e-39, -2.9017e-39, -2.9017e-39,
         -2.9017e-39, -2.9017e-39, -2.9017e-39, -2.9017e-39, -2.9017e-39,
         -2.9017e-39],
        [-2.9017e-39, -2.9017e-39, -2.9017e-39, -2.9017e-39, -2.9017e-39,
         -2.9017e-39, -2.9017e-39, -2.9017e-39, -2.9017e-39, -2.9017e-39,
         -2.9017e-39, -2.9017e-39, -2.9017e-39, -2.9017e-39, -2.9017e-39,
         -2.9017e-39, -2.9017e-39, -2.9017e-39, -2.9017e-39, -2.9017e-39,
         -2.9017e-39],
        [-2.9017e-39, -2.9017e-39, -2.9017e-39, -2.9017e-39, -2.9017e-39,
         -2.9017e-39, -2.9017e-39, -2.9017e-39, -2.9017e-39, -2.9017e-39,
         -2.9017e-39, -2.9017e-39, -2.9017e-39, -2.9017e-39, -2.9017e-39,
         -2.9017e-39, -2.9017e-39, -2.9017e-39, -2.9017e-39, -2.9017e-39,
         -2.9017e-39],
        [-2.9017e-39, -2.9017e-39, -2.9017e-39, -2.9017e-39, -2.9017e-39,
         -2.9017e-39, -2.9017e-39, -2.9017e-39, -2.9017e-39, -2.9017e-39,
         -2.9017e-39, -2.9017e-39, -2.9017e-39, -2.9017e-39, -2.9017e-39,
         -2.9017e-39, -2.9017e-39, -2.9017e-39, -2.9017e-39, -2.9017e-39,
         -2.9017e-39]])
tensor([-2.9017e-39, -2.9017e-39, -2.9017e-39, -2.9017e-39, -2.9017e-39,
        -2.9017e-39, -2.9017e-39, -2.9017e-39, -2.9017e-39, -2.9017e-39,
        -2.9017e-39, -2.9017e-39, -2.9017e-39, -2.9017e-39, -2.9017e-39,
        -2.9017e-39, -2.9017e-39, -2.9017e-39, -2.9017e-39, -2.9017e-39,
        -2.9017e-39])
[layer 6]
tensor([[-1.6556e-18, -1.6556e-18, -1.6556e-18, -1.6556e-18, -1.6556e-18,
         -1.6556e-18, -1.6556e-18, -1.6556e-18, -1.6556e-18, -1.6556e-18,
         -1.6556e-18, -1.6556e-18, -1.6556e-18, -1.6556e-18, -1.6556e-18,
         -1.6556e-18, -1.6556e-18, -1.6556e-18, -1.6556e-18, -1.6556e-18,
         -1.6556e-18],
        [-1.6556e-18, -1.6556e-18, -1.6556e-18, -1.6556e-18, -1.6556e-18,
         -1.6556e-18, -1.6556e-18, -1.6556e-18, -1.6556e-18, -1.6556e-18,
         -1.6556e-18, -1.6556e-18, -1.6556e-18, -1.6556e-18, -1.6556e-18,
         -1.6556e-18, -1.6556e-18, -1.6556e-18, -1.6556e-18, -1.6556e-18,
         -1.6556e-18],
        [-1.6556e-18, -1.6556e-18, -1.6556e-18, -1.6556e-18, -1.6556e-18,
         -1.6556e-18, -1.6556e-18, -1.6556e-18, -1.6556e-18, -1.6556e-18,
         -1.6556e-18, -1.6556e-18, -1.6556e-18, -1.6556e-18, -1.6556e-18,
         -1.6556e-18, -1.6556e-18, -1.6556e-18, -1.6556e-18, -1.6556e-18,
         -1.6556e-18],
        [-1.6556e-18, -1.6556e-18, -1.6556e-18, -1.6556e-18, -1.6556e-18,
         -1.6556e-18, -1.6556e-18, -1.6556e-18, -1.6556e-18, -1.6556e-18,
         -1.6556e-18, -1.6556e-18, -1.6556e-18, -1.6556e-18, -1.6556e-18,
         -1.6556e-18, -1.6556e-18, -1.6556e-18, -1.6556e-18, -1.6556e-18,
         -1.6556e-18],
        [-1.6556e-18, -1.6556e-18, -1.6556e-18, -1.6556e-18, -1.6556e-18,
         -1.6556e-18, -1.6556e-18, -1.6556e-18, -1.6556e-18, -1.6556e-18,
         -1.6556e-18, -1.6556e-18, -1.6556e-18, -1.6556e-18, -1.6556e-18,
         -1.6556e-18, -1.6556e-18, -1.6556e-18, -1.6556e-18, -1.6556e-18,
         -1.6556e-18],
        [-1.6556e-18, -1.6556e-18, -1.6556e-18, -1.6556e-18, -1.6556e-18,
         -1.6556e-18, -1.6556e-18, -1.6556e-18, -1.6556e-18, -1.6556e-18,
         -1.6556e-18, -1.6556e-18, -1.6556e-18, -1.6556e-18, -1.6556e-18,
         -1.6556e-18, -1.6556e-18, -1.6556e-18, -1.6556e-18, -1.6556e-18,
         -1.6556e-18],
        [-1.6556e-18, -1.6556e-18, -1.6556e-18, -1.6556e-18, -1.6556e-18,
         -1.6556e-18, -1.6556e-18, -1.6556e-18, -1.6556e-18, -1.6556e-18,
         -1.6556e-18, -1.6556e-18, -1.6556e-18, -1.6556e-18, -1.6556e-18,
         -1.6556e-18, -1.6556e-18, -1.6556e-18, -1.6556e-18, -1.6556e-18,
         -1.6556e-18],
        [-1.6556e-18, -1.6556e-18, -1.6556e-18, -1.6556e-18, -1.6556e-18,
         -1.6556e-18, -1.6556e-18, -1.6556e-18, -1.6556e-18, -1.6556e-18,
         -1.6556e-18, -1.6556e-18, -1.6556e-18, -1.6556e-18, -1.6556e-18,
         -1.6556e-18, -1.6556e-18, -1.6556e-18, -1.6556e-18, -1.6556e-18,
         -1.6556e-18],
        [-1.6556e-18, -1.6556e-18, -1.6556e-18, -1.6556e-18, -1.6556e-18,
         -1.6556e-18, -1.6556e-18, -1.6556e-18, -1.6556e-18, -1.6556e-18,
         -1.6556e-18, -1.6556e-18, -1.6556e-18, -1.6556e-18, -1.6556e-18,
         -1.6556e-18, -1.6556e-18, -1.6556e-18, -1.6556e-18, -1.6556e-18,
         -1.6556e-18],
        [-1.6556e-18, -1.6556e-18, -1.6556e-18, -1.6556e-18, -1.6556e-18,
         -1.6556e-18, -1.6556e-18, -1.6556e-18, -1.6556e-18, -1.6556e-18,
         -1.6556e-18, -1.6556e-18, -1.6556e-18, -1.6556e-18, -1.6556e-18,
         -1.6556e-18, -1.6556e-18, -1.6556e-18, -1.6556e-18, -1.6556e-18,
         -1.6556e-18],
        [-1.6556e-18, -1.6556e-18, -1.6556e-18, -1.6556e-18, -1.6556e-18,
         -1.6556e-18, -1.6556e-18, -1.6556e-18, -1.6556e-18, -1.6556e-18,
         -1.6556e-18, -1.6556e-18, -1.6556e-18, -1.6556e-18, -1.6556e-18,
         -1.6556e-18, -1.6556e-18, -1.6556e-18, -1.6556e-18, -1.6556e-18,
         -1.6556e-18],
        [-1.6556e-18, -1.6556e-18, -1.6556e-18, -1.6556e-18, -1.6556e-18,
         -1.6556e-18, -1.6556e-18, -1.6556e-18, -1.6556e-18, -1.6556e-18,
         -1.6556e-18, -1.6556e-18, -1.6556e-18, -1.6556e-18, -1.6556e-18,
         -1.6556e-18, -1.6556e-18, -1.6556e-18, -1.6556e-18, -1.6556e-18,
         -1.6556e-18],
        [-1.6556e-18, -1.6556e-18, -1.6556e-18, -1.6556e-18, -1.6556e-18,
         -1.6556e-18, -1.6556e-18, -1.6556e-18, -1.6556e-18, -1.6556e-18,
         -1.6556e-18, -1.6556e-18, -1.6556e-18, -1.6556e-18, -1.6556e-18,
         -1.6556e-18, -1.6556e-18, -1.6556e-18, -1.6556e-18, -1.6556e-18,
         -1.6556e-18],
        [-1.6556e-18, -1.6556e-18, -1.6556e-18, -1.6556e-18, -1.6556e-18,
         -1.6556e-18, -1.6556e-18, -1.6556e-18, -1.6556e-18, -1.6556e-18,
         -1.6556e-18, -1.6556e-18, -1.6556e-18, -1.6556e-18, -1.6556e-18,
         -1.6556e-18, -1.6556e-18, -1.6556e-18, -1.6556e-18, -1.6556e-18,
         -1.6556e-18],
        [-1.6556e-18, -1.6556e-18, -1.6556e-18, -1.6556e-18, -1.6556e-18,
         -1.6556e-18, -1.6556e-18, -1.6556e-18, -1.6556e-18, -1.6556e-18,
         -1.6556e-18, -1.6556e-18, -1.6556e-18, -1.6556e-18, -1.6556e-18,
         -1.6556e-18, -1.6556e-18, -1.6556e-18, -1.6556e-18, -1.6556e-18,
         -1.6556e-18],
        [-1.6556e-18, -1.6556e-18, -1.6556e-18, -1.6556e-18, -1.6556e-18,
         -1.6556e-18, -1.6556e-18, -1.6556e-18, -1.6556e-18, -1.6556e-18,
         -1.6556e-18, -1.6556e-18, -1.6556e-18, -1.6556e-18, -1.6556e-18,
         -1.6556e-18, -1.6556e-18, -1.6556e-18, -1.6556e-18, -1.6556e-18,
         -1.6556e-18],
        [-1.6556e-18, -1.6556e-18, -1.6556e-18, -1.6556e-18, -1.6556e-18,
         -1.6556e-18, -1.6556e-18, -1.6556e-18, -1.6556e-18, -1.6556e-18,
         -1.6556e-18, -1.6556e-18, -1.6556e-18, -1.6556e-18, -1.6556e-18,
         -1.6556e-18, -1.6556e-18, -1.6556e-18, -1.6556e-18, -1.6556e-18,
         -1.6556e-18],
        [-1.6556e-18, -1.6556e-18, -1.6556e-18, -1.6556e-18, -1.6556e-18,
         -1.6556e-18, -1.6556e-18, -1.6556e-18, -1.6556e-18, -1.6556e-18,
         -1.6556e-18, -1.6556e-18, -1.6556e-18, -1.6556e-18, -1.6556e-18,
         -1.6556e-18, -1.6556e-18, -1.6556e-18, -1.6556e-18, -1.6556e-18,
         -1.6556e-18],
        [-1.6556e-18, -1.6556e-18, -1.6556e-18, -1.6556e-18, -1.6556e-18,
         -1.6556e-18, -1.6556e-18, -1.6556e-18, -1.6556e-18, -1.6556e-18,
         -1.6556e-18, -1.6556e-18, -1.6556e-18, -1.6556e-18, -1.6556e-18,
         -1.6556e-18, -1.6556e-18, -1.6556e-18, -1.6556e-18, -1.6556e-18,
         -1.6556e-18],
        [-1.6556e-18, -1.6556e-18, -1.6556e-18, -1.6556e-18, -1.6556e-18,
         -1.6556e-18, -1.6556e-18, -1.6556e-18, -1.6556e-18, -1.6556e-18,
         -1.6556e-18, -1.6556e-18, -1.6556e-18, -1.6556e-18, -1.6556e-18,
         -1.6556e-18, -1.6556e-18, -1.6556e-18, -1.6556e-18, -1.6556e-18,
         -1.6556e-18],
        [-1.6556e-18, -1.6556e-18, -1.6556e-18, -1.6556e-18, -1.6556e-18,
         -1.6556e-18, -1.6556e-18, -1.6556e-18, -1.6556e-18, -1.6556e-18,
         -1.6556e-18, -1.6556e-18, -1.6556e-18, -1.6556e-18, -1.6556e-18,
         -1.6556e-18, -1.6556e-18, -1.6556e-18, -1.6556e-18, -1.6556e-18,
         -1.6556e-18]])
tensor([-1.6556e-18, -1.6556e-18, -1.6556e-18, -1.6556e-18, -1.6556e-18,
        -1.6556e-18, -1.6556e-18, -1.6556e-18, -1.6556e-18, -1.6556e-18,
        -1.6556e-18, -1.6556e-18, -1.6556e-18, -1.6556e-18, -1.6556e-18,
        -1.6556e-18, -1.6556e-18, -1.6556e-18, -1.6556e-18, -1.6556e-18,
        -1.6556e-18])
layer 7
tensor([[-2.3167e-08, -2.3167e-08, -2.3167e-08, -2.3167e-08, -2.3167e-08,
         -2.3167e-08, -2.3167e-08, -2.3167e-08, -2.3167e-08, -2.3167e-08,
         -2.3167e-08, -2.3167e-08, -2.3167e-08, -2.3167e-08, -2.3167e-08,
         -2.3167e-08, -2.3167e-08, -2.3167e-08, -2.3167e-08, -2.3167e-08,
         -2.3167e-08],
        [-2.3167e-08, -2.3167e-08, -2.3167e-08, -2.3167e-08, -2.3167e-08,
         -2.3167e-08, -2.3167e-08, -2.3167e-08, -2.3167e-08, -2.3167e-08,
         -2.3167e-08, -2.3167e-08, -2.3167e-08, -2.3167e-08, -2.3167e-08,
         -2.3167e-08, -2.3167e-08, -2.3167e-08, -2.3167e-08, -2.3167e-08,
         -2.3167e-08],
        [-2.3167e-08, -2.3167e-08, -2.3167e-08, -2.3167e-08, -2.3167e-08,
         -2.3167e-08, -2.3167e-08, -2.3167e-08, -2.3167e-08, -2.3167e-08,
         -2.3167e-08, -2.3167e-08, -2.3167e-08, -2.3167e-08, -2.3167e-08,
         -2.3167e-08, -2.3167e-08, -2.3167e-08, -2.3167e-08, -2.3167e-08,
         -2.3167e-08],
        [-2.3167e-08, -2.3167e-08, -2.3167e-08, -2.3167e-08, -2.3167e-08,
         -2.3167e-08, -2.3167e-08, -2.3167e-08, -2.3167e-08, -2.3167e-08,
         -2.3167e-08, -2.3167e-08, -2.3167e-08, -2.3167e-08, -2.3167e-08,
         -2.3167e-08, -2.3167e-08, -2.3167e-08, -2.3167e-08, -2.3167e-08,
         -2.3167e-08],
        [-2.3167e-08, -2.3167e-08, -2.3167e-08, -2.3167e-08, -2.3167e-08,
         -2.3167e-08, -2.3167e-08, -2.3167e-08, -2.3167e-08, -2.3167e-08,
         -2.3167e-08, -2.3167e-08, -2.3167e-08, -2.3167e-08, -2.3167e-08,
         -2.3167e-08, -2.3167e-08, -2.3167e-08, -2.3167e-08, -2.3167e-08,
         -2.3167e-08],
        [-2.3167e-08, -2.3167e-08, -2.3167e-08, -2.3167e-08, -2.3167e-08,
         -2.3167e-08, -2.3167e-08, -2.3167e-08, -2.3167e-08, -2.3167e-08,
         -2.3167e-08, -2.3167e-08, -2.3167e-08, -2.3167e-08, -2.3167e-08,
         -2.3167e-08, -2.3167e-08, -2.3167e-08, -2.3167e-08, -2.3167e-08,
         -2.3167e-08],
        [-2.3167e-08, -2.3167e-08, -2.3167e-08, -2.3167e-08, -2.3167e-08,
         -2.3167e-08, -2.3167e-08, -2.3167e-08, -2.3167e-08, -2.3167e-08,
         -2.3167e-08, -2.3167e-08, -2.3167e-08, -2.3167e-08, -2.3167e-08,
         -2.3167e-08, -2.3167e-08, -2.3167e-08, -2.3167e-08, -2.3167e-08,
         -2.3167e-08],
        [-2.3167e-08, -2.3167e-08, -2.3167e-08, -2.3167e-08, -2.3167e-08,
         -2.3167e-08, -2.3167e-08, -2.3167e-08, -2.3167e-08, -2.3167e-08,
         -2.3167e-08, -2.3167e-08, -2.3167e-08, -2.3167e-08, -2.3167e-08,
         -2.3167e-08, -2.3167e-08, -2.3167e-08, -2.3167e-08, -2.3167e-08,
         -2.3167e-08],
        [-2.3167e-08, -2.3167e-08, -2.3167e-08, -2.3167e-08, -2.3167e-08,
         -2.3167e-08, -2.3167e-08, -2.3167e-08, -2.3167e-08, -2.3167e-08,
         -2.3167e-08, -2.3167e-08, -2.3167e-08, -2.3167e-08, -2.3167e-08,
         -2.3167e-08, -2.3167e-08, -2.3167e-08, -2.3167e-08, -2.3167e-08,
         -2.3167e-08],
        [-2.3167e-08, -2.3167e-08, -2.3167e-08, -2.3167e-08, -2.3167e-08,
         -2.3167e-08, -2.3167e-08, -2.3167e-08, -2.3167e-08, -2.3167e-08,
         -2.3167e-08, -2.3167e-08, -2.3167e-08, -2.3167e-08, -2.3167e-08,
         -2.3167e-08, -2.3167e-08, -2.3167e-08, -2.3167e-08, -2.3167e-08,
         -2.3167e-08],
        [-2.3167e-08, -2.3167e-08, -2.3167e-08, -2.3167e-08, -2.3167e-08,
         -2.3167e-08, -2.3167e-08, -2.3167e-08, -2.3167e-08, -2.3167e-08,
         -2.3167e-08, -2.3167e-08, -2.3167e-08, -2.3167e-08, -2.3167e-08,
         -2.3167e-08, -2.3167e-08, -2.3167e-08, -2.3167e-08, -2.3167e-08,
         -2.3167e-08],
        [-2.3167e-08, -2.3167e-08, -2.3167e-08, -2.3167e-08, -2.3167e-08,
         -2.3167e-08, -2.3167e-08, -2.3167e-08, -2.3167e-08, -2.3167e-08,
         -2.3167e-08, -2.3167e-08, -2.3167e-08, -2.3167e-08, -2.3167e-08,
         -2.3167e-08, -2.3167e-08, -2.3167e-08, -2.3167e-08, -2.3167e-08,
         -2.3167e-08],
        [-2.3167e-08, -2.3167e-08, -2.3167e-08, -2.3167e-08, -2.3167e-08,
         -2.3167e-08, -2.3167e-08, -2.3167e-08, -2.3167e-08, -2.3167e-08,
         -2.3167e-08, -2.3167e-08, -2.3167e-08, -2.3167e-08, -2.3167e-08,
         -2.3167e-08, -2.3167e-08, -2.3167e-08, -2.3167e-08, -2.3167e-08,
         -2.3167e-08],
        [-2.3167e-08, -2.3167e-08, -2.3167e-08, -2.3167e-08, -2.3167e-08,
         -2.3167e-08, -2.3167e-08, -2.3167e-08, -2.3167e-08, -2.3167e-08,
         -2.3167e-08, -2.3167e-08, -2.3167e-08, -2.3167e-08, -2.3167e-08,
         -2.3167e-08, -2.3167e-08, -2.3167e-08, -2.3167e-08, -2.3167e-08,
         -2.3167e-08],
        [-2.3167e-08, -2.3167e-08, -2.3167e-08, -2.3167e-08, -2.3167e-08,
         -2.3167e-08, -2.3167e-08, -2.3167e-08, -2.3167e-08, -2.3167e-08,
         -2.3167e-08, -2.3167e-08, -2.3167e-08, -2.3167e-08, -2.3167e-08,
         -2.3167e-08, -2.3167e-08, -2.3167e-08, -2.3167e-08, -2.3167e-08,
         -2.3167e-08],
        [-2.3167e-08, -2.3167e-08, -2.3167e-08, -2.3167e-08, -2.3167e-08,
         -2.3167e-08, -2.3167e-08, -2.3167e-08, -2.3167e-08, -2.3167e-08,
         -2.3167e-08, -2.3167e-08, -2.3167e-08, -2.3167e-08, -2.3167e-08,
         -2.3167e-08, -2.3167e-08, -2.3167e-08, -2.3167e-08, -2.3167e-08,
         -2.3167e-08],
        [-2.3167e-08, -2.3167e-08, -2.3167e-08, -2.3167e-08, -2.3167e-08,
         -2.3167e-08, -2.3167e-08, -2.3167e-08, -2.3167e-08, -2.3167e-08,
         -2.3167e-08, -2.3167e-08, -2.3167e-08, -2.3167e-08, -2.3167e-08,
         -2.3167e-08, -2.3167e-08, -2.3167e-08, -2.3167e-08, -2.3167e-08,
         -2.3167e-08],
        [-2.3167e-08, -2.3167e-08, -2.3167e-08, -2.3167e-08, -2.3167e-08,
         -2.3167e-08, -2.3167e-08, -2.3167e-08, -2.3167e-08, -2.3167e-08,
         -2.3167e-08, -2.3167e-08, -2.3167e-08, -2.3167e-08, -2.3167e-08,
         -2.3167e-08, -2.3167e-08, -2.3167e-08, -2.3167e-08, -2.3167e-08,
         -2.3167e-08],
        [-2.3167e-08, -2.3167e-08, -2.3167e-08, -2.3167e-08, -2.3167e-08,
         -2.3167e-08, -2.3167e-08, -2.3167e-08, -2.3167e-08, -2.3167e-08,
         -2.3167e-08, -2.3167e-08, -2.3167e-08, -2.3167e-08, -2.3167e-08,
         -2.3167e-08, -2.3167e-08, -2.3167e-08, -2.3167e-08, -2.3167e-08,
         -2.3167e-08],
        [-2.3167e-08, -2.3167e-08, -2.3167e-08, -2.3167e-08, -2.3167e-08,
         -2.3167e-08, -2.3167e-08, -2.3167e-08, -2.3167e-08, -2.3167e-08,
         -2.3167e-08, -2.3167e-08, -2.3167e-08, -2.3167e-08, -2.3167e-08,
         -2.3167e-08, -2.3167e-08, -2.3167e-08, -2.3167e-08, -2.3167e-08,
         -2.3167e-08],
        [-2.3167e-08, -2.3167e-08, -2.3167e-08, -2.3167e-08, -2.3167e-08,
         -2.3167e-08, -2.3167e-08, -2.3167e-08, -2.3167e-08, -2.3167e-08,
         -2.3167e-08, -2.3167e-08, -2.3167e-08, -2.3167e-08, -2.3167e-08,
         -2.3167e-08, -2.3167e-08, -2.3167e-08, -2.3167e-08, -2.3167e-08,
         -2.3167e-08]])
tensor([-2.3167e-08, -2.3167e-08, -2.3167e-08, -2.3167e-08, -2.3167e-08,
        -2.3167e-08, -2.3167e-08, -2.3167e-08, -2.3167e-08, -2.3167e-08,
        -2.3167e-08, -2.3167e-08, -2.3167e-08, -2.3167e-08, -2.3167e-08,
        -2.3167e-08, -2.3167e-08, -2.3167e-08, -2.3167e-08, -2.3167e-08,
        -2.3167e-08])
layer 8
tensor([[-0.0018, -0.0018, -0.0018, -0.0018, -0.0018, -0.0018, -0.0018, -0.0018,
         -0.0018, -0.0018, -0.0018, -0.0018, -0.0018, -0.0018, -0.0018, -0.0018,
         -0.0018, -0.0018, -0.0018, -0.0018, -0.0018],
        [-0.0018, -0.0018, -0.0018, -0.0018, -0.0018, -0.0018, -0.0018, -0.0018,
         -0.0018, -0.0018, -0.0018, -0.0018, -0.0018, -0.0018, -0.0018, -0.0018,
         -0.0018, -0.0018, -0.0018, -0.0018, -0.0018],
        [-0.0018, -0.0018, -0.0018, -0.0018, -0.0018, -0.0018, -0.0018, -0.0018,
         -0.0018, -0.0018, -0.0018, -0.0018, -0.0018, -0.0018, -0.0018, -0.0018,
         -0.0018, -0.0018, -0.0018, -0.0018, -0.0018],
        [-0.0018, -0.0018, -0.0018, -0.0018, -0.0018, -0.0018, -0.0018, -0.0018,
         -0.0018, -0.0018, -0.0018, -0.0018, -0.0018, -0.0018, -0.0018, -0.0018,
         -0.0018, -0.0018, -0.0018, -0.0018, -0.0018],
        [-0.0018, -0.0018, -0.0018, -0.0018, -0.0018, -0.0018, -0.0018, -0.0018,
         -0.0018, -0.0018, -0.0018, -0.0018, -0.0018, -0.0018, -0.0018, -0.0018,
         -0.0018, -0.0018, -0.0018, -0.0018, -0.0018],
        [-0.0018, -0.0018, -0.0018, -0.0018, -0.0018, -0.0018, -0.0018, -0.0018,
         -0.0018, -0.0018, -0.0018, -0.0018, -0.0018, -0.0018, -0.0018, -0.0018,
         -0.0018, -0.0018, -0.0018, -0.0018, -0.0018],
        [-0.0018, -0.0018, -0.0018, -0.0018, -0.0018, -0.0018, -0.0018, -0.0018,
         -0.0018, -0.0018, -0.0018, -0.0018, -0.0018, -0.0018, -0.0018, -0.0018,
         -0.0018, -0.0018, -0.0018, -0.0018, -0.0018],
        [-0.0018, -0.0018, -0.0018, -0.0018, -0.0018, -0.0018, -0.0018, -0.0018,
         -0.0018, -0.0018, -0.0018, -0.0018, -0.0018, -0.0018, -0.0018, -0.0018,
         -0.0018, -0.0018, -0.0018, -0.0018, -0.0018],
        [-0.0018, -0.0018, -0.0018, -0.0018, -0.0018, -0.0018, -0.0018, -0.0018,
         -0.0018, -0.0018, -0.0018, -0.0018, -0.0018, -0.0018, -0.0018, -0.0018,
         -0.0018, -0.0018, -0.0018, -0.0018, -0.0018],
        [-0.0018, -0.0018, -0.0018, -0.0018, -0.0018, -0.0018, -0.0018, -0.0018,
         -0.0018, -0.0018, -0.0018, -0.0018, -0.0018, -0.0018, -0.0018, -0.0018,
         -0.0018, -0.0018, -0.0018, -0.0018, -0.0018],
        [-0.0018, -0.0018, -0.0018, -0.0018, -0.0018, -0.0018, -0.0018, -0.0018,
         -0.0018, -0.0018, -0.0018, -0.0018, -0.0018, -0.0018, -0.0018, -0.0018,
         -0.0018, -0.0018, -0.0018, -0.0018, -0.0018],
        [-0.0018, -0.0018, -0.0018, -0.0018, -0.0018, -0.0018, -0.0018, -0.0018,
         -0.0018, -0.0018, -0.0018, -0.0018, -0.0018, -0.0018, -0.0018, -0.0018,
         -0.0018, -0.0018, -0.0018, -0.0018, -0.0018],
        [-0.0018, -0.0018, -0.0018, -0.0018, -0.0018, -0.0018, -0.0018, -0.0018,
         -0.0018, -0.0018, -0.0018, -0.0018, -0.0018, -0.0018, -0.0018, -0.0018,
         -0.0018, -0.0018, -0.0018, -0.0018, -0.0018],
        [-0.0018, -0.0018, -0.0018, -0.0018, -0.0018, -0.0018, -0.0018, -0.0018,
         -0.0018, -0.0018, -0.0018, -0.0018, -0.0018, -0.0018, -0.0018, -0.0018,
         -0.0018, -0.0018, -0.0018, -0.0018, -0.0018],
        [-0.0018, -0.0018, -0.0018, -0.0018, -0.0018, -0.0018, -0.0018, -0.0018,
         -0.0018, -0.0018, -0.0018, -0.0018, -0.0018, -0.0018, -0.0018, -0.0018,
         -0.0018, -0.0018, -0.0018, -0.0018, -0.0018],
        [-0.0018, -0.0018, -0.0018, -0.0018, -0.0018, -0.0018, -0.0018, -0.0018,
         -0.0018, -0.0018, -0.0018, -0.0018, -0.0018, -0.0018, -0.0018, -0.0018,
         -0.0018, -0.0018, -0.0018, -0.0018, -0.0018],
        [-0.0018, -0.0018, -0.0018, -0.0018, -0.0018, -0.0018, -0.0018, -0.0018,
         -0.0018, -0.0018, -0.0018, -0.0018, -0.0018, -0.0018, -0.0018, -0.0018,
         -0.0018, -0.0018, -0.0018, -0.0018, -0.0018],
        [-0.0018, -0.0018, -0.0018, -0.0018, -0.0018, -0.0018, -0.0018, -0.0018,
         -0.0018, -0.0018, -0.0018, -0.0018, -0.0018, -0.0018, -0.0018, -0.0018,
         -0.0018, -0.0018, -0.0018, -0.0018, -0.0018],
        [-0.0018, -0.0018, -0.0018, -0.0018, -0.0018, -0.0018, -0.0018, -0.0018,
         -0.0018, -0.0018, -0.0018, -0.0018, -0.0018, -0.0018, -0.0018, -0.0018,
         -0.0018, -0.0018, -0.0018, -0.0018, -0.0018],
        [-0.0018, -0.0018, -0.0018, -0.0018, -0.0018, -0.0018, -0.0018, -0.0018,
         -0.0018, -0.0018, -0.0018, -0.0018, -0.0018, -0.0018, -0.0018, -0.0018,
         -0.0018, -0.0018, -0.0018, -0.0018, -0.0018],
        [-0.0018, -0.0018, -0.0018, -0.0018, -0.0018, -0.0018, -0.0018, -0.0018,
         -0.0018, -0.0018, -0.0018, -0.0018, -0.0018, -0.0018, -0.0018, -0.0018,
         -0.0018, -0.0018, -0.0018, -0.0018, -0.0018]])
tensor([-0.0018, -0.0018, -0.0018, -0.0018, -0.0018, -0.0018, -0.0018, -0.0018,
        -0.0018, -0.0018, -0.0018, -0.0018, -0.0018, -0.0018, -0.0018, -0.0018,
        -0.0018, -0.0018, -0.0018, -0.0018, -0.0018])
layer 9
tensor([[1.4677],
        [1.4677],
        [1.4677],
        [1.4677],
        [1.4677],
        [1.4677],
        [1.4677],
        [1.4677],
        [1.4677],
        [1.4677],
        [1.4677],
        [1.4677],
        [1.4677],
        [1.4677],
        [1.4677],
        [1.4677],
        [1.4677],
        [1.4677],
        [1.4677],
        [1.4677],
        [1.4677]])
tensor([1.4676])
