[layer 0]
tensor([[0., 0., 0., 0., 0., 0., 0., 0., 0., 0., 0., 0., 0., 0., 0., 0., 0., 0., 0., 0., 0.],
        [0., 0., 0., 0., 0., 0., 0., 0., 0., 0., 0., 0., 0., 0., 0., 0., 0., 0., 0., 0., 0.],
        [0., 0., 0., 0., 0., 0., 0., 0., 0., 0., 0., 0., 0., 0., 0., 0., 0., 0., 0., 0., 0.],
        [0., 0., 0., 0., 0., 0., 0., 0., 0., 0., 0., 0., 0., 0., 0., 0., 0., 0., 0., 0., 0.],
        [0., 0., 0., 0., 0., 0., 0., 0., 0., 0., 0., 0., 0., 0., 0., 0., 0., 0., 0., 0., 0.],
        [0., 0., 0., 0., 0., 0., 0., 0., 0., 0., 0., 0., 0., 0., 0., 0., 0., 0., 0., 0., 0.],
        [0., 0., 0., 0., 0., 0., 0., 0., 0., 0., 0., 0., 0., 0., 0., 0., 0., 0., 0., 0., 0.],
        [0., 0., 0., 0., 0., 0., 0., 0., 0., 0., 0., 0., 0., 0., 0., 0., 0., 0., 0., 0., 0.],
        [0., 0., 0., 0., 0., 0., 0., 0., 0., 0., 0., 0., 0., 0., 0., 0., 0., 0., 0., 0., 0.],
        [0., 0., 0., 0., 0., 0., 0., 0., 0., 0., 0., 0., 0., 0., 0., 0., 0., 0., 0., 0., 0.]])
tensor([0., 0., 0., 0., 0., 0., 0., 0., 0., 0., 0., 0., 0., 0., 0., 0., 0., 0., 0., 0., 0.])
[layer 1]
tensor([[0., 0., 0., 0., 0., 0., 0., 0., 0., 0., 0., 0., 0., 0., 0., 0., 0., 0., 0., 0., 0.],
        [0., 0., 0., 0., 0., 0., 0., 0., 0., 0., 0., 0., 0., 0., 0., 0., 0., 0., 0., 0., 0.],
        [0., 0., 0., 0., 0., 0., 0., 0., 0., 0., 0., 0., 0., 0., 0., 0., 0., 0., 0., 0., 0.],
        [0., 0., 0., 0., 0., 0., 0., 0., 0., 0., 0., 0., 0., 0., 0., 0., 0., 0., 0., 0., 0.],
        [0., 0., 0., 0., 0., 0., 0., 0., 0., 0., 0., 0., 0., 0., 0., 0., 0., 0., 0., 0., 0.],
        [0., 0., 0., 0., 0., 0., 0., 0., 0., 0., 0., 0., 0., 0., 0., 0., 0., 0., 0., 0., 0.],
        [0., 0., 0., 0., 0., 0., 0., 0., 0., 0., 0., 0., 0., 0., 0., 0., 0., 0., 0., 0., 0.],
        [0., 0., 0., 0., 0., 0., 0., 0., 0., 0., 0., 0., 0., 0., 0., 0., 0., 0., 0., 0., 0.],
        [0., 0., 0., 0., 0., 0., 0., 0., 0., 0., 0., 0., 0., 0., 0., 0., 0., 0., 0., 0., 0.],
        [0., 0., 0., 0., 0., 0., 0., 0., 0., 0., 0., 0., 0., 0., 0., 0., 0., 0., 0., 0., 0.],
        [0., 0., 0., 0., 0., 0., 0., 0., 0., 0., 0., 0., 0., 0., 0., 0., 0., 0., 0., 0., 0.],
        [0., 0., 0., 0., 0., 0., 0., 0., 0., 0., 0., 0., 0., 0., 0., 0., 0., 0., 0., 0., 0.],
        [0., 0., 0., 0., 0., 0., 0., 0., 0., 0., 0., 0., 0., 0., 0., 0., 0., 0., 0., 0., 0.],
        [0., 0., 0., 0., 0., 0., 0., 0., 0., 0., 0., 0., 0., 0., 0., 0., 0., 0., 0., 0., 0.],
        [0., 0., 0., 0., 0., 0., 0., 0., 0., 0., 0., 0., 0., 0., 0., 0., 0., 0., 0., 0., 0.],
        [0., 0., 0., 0., 0., 0., 0., 0., 0., 0., 0., 0., 0., 0., 0., 0., 0., 0., 0., 0., 0.],
        [0., 0., 0., 0., 0., 0., 0., 0., 0., 0., 0., 0., 0., 0., 0., 0., 0., 0., 0., 0., 0.],
        [0., 0., 0., 0., 0., 0., 0., 0., 0., 0., 0., 0., 0., 0., 0., 0., 0., 0., 0., 0., 0.],
        [0., 0., 0., 0., 0., 0., 0., 0., 0., 0., 0., 0., 0., 0., 0., 0., 0., 0., 0., 0., 0.],
        [0., 0., 0., 0., 0., 0., 0., 0., 0., 0., 0., 0., 0., 0., 0., 0., 0., 0., 0., 0., 0.],
        [0., 0., 0., 0., 0., 0., 0., 0., 0., 0., 0., 0., 0., 0., 0., 0., 0., 0., 0., 0., 0.]])
tensor([0., 0., 0., 0., 0., 0., 0., 0., 0., 0., 0., 0., 0., 0., 0., 0., 0., 0., 0., 0., 0.])
layer 2
tensor([[0., 0., 0., 0., 0., 0., 0., 0., 0., 0., 0., 0., 0., 0., 0., 0., 0., 0., 0., 0., 0.],
        [0., 0., 0., 0., 0., 0., 0., 0., 0., 0., 0., 0., 0., 0., 0., 0., 0., 0., 0., 0., 0.],
        [0., 0., 0., 0., 0., 0., 0., 0., 0., 0., 0., 0., 0., 0., 0., 0., 0., 0., 0., 0., 0.],
        [0., 0., 0., 0., 0., 0., 0., 0., 0., 0., 0., 0., 0., 0., 0., 0., 0., 0., 0., 0., 0.],
        [0., 0., 0., 0., 0., 0., 0., 0., 0., 0., 0., 0., 0., 0., 0., 0., 0., 0., 0., 0., 0.],
        [0., 0., 0., 0., 0., 0., 0., 0., 0., 0., 0., 0., 0., 0., 0., 0., 0., 0., 0., 0., 0.],
        [0., 0., 0., 0., 0., 0., 0., 0., 0., 0., 0., 0., 0., 0., 0., 0., 0., 0., 0., 0., 0.],
        [0., 0., 0., 0., 0., 0., 0., 0., 0., 0., 0., 0., 0., 0., 0., 0., 0., 0., 0., 0., 0.],
        [0., 0., 0., 0., 0., 0., 0., 0., 0., 0., 0., 0., 0., 0., 0., 0., 0., 0., 0., 0., 0.],
        [0., 0., 0., 0., 0., 0., 0., 0., 0., 0., 0., 0., 0., 0., 0., 0., 0., 0., 0., 0., 0.],
        [0., 0., 0., 0., 0., 0., 0., 0., 0., 0., 0., 0., 0., 0., 0., 0., 0., 0., 0., 0., 0.],
        [0., 0., 0., 0., 0., 0., 0., 0., 0., 0., 0., 0., 0., 0., 0., 0., 0., 0., 0., 0., 0.],
        [0., 0., 0., 0., 0., 0., 0., 0., 0., 0., 0., 0., 0., 0., 0., 0., 0., 0., 0., 0., 0.],
        [0., 0., 0., 0., 0., 0., 0., 0., 0., 0., 0., 0., 0., 0., 0., 0., 0., 0., 0., 0., 0.],
        [0., 0., 0., 0., 0., 0., 0., 0., 0., 0., 0., 0., 0., 0., 0., 0., 0., 0., 0., 0., 0.],
        [0., 0., 0., 0., 0., 0., 0., 0., 0., 0., 0., 0., 0., 0., 0., 0., 0., 0., 0., 0., 0.],
        [0., 0., 0., 0., 0., 0., 0., 0., 0., 0., 0., 0., 0., 0., 0., 0., 0., 0., 0., 0., 0.],
        [0., 0., 0., 0., 0., 0., 0., 0., 0., 0., 0., 0., 0., 0., 0., 0., 0., 0., 0., 0., 0.],
        [0., 0., 0., 0., 0., 0., 0., 0., 0., 0., 0., 0., 0., 0., 0., 0., 0., 0., 0., 0., 0.],
        [0., 0., 0., 0., 0., 0., 0., 0., 0., 0., 0., 0., 0., 0., 0., 0., 0., 0., 0., 0., 0.],
        [0., 0., 0., 0., 0., 0., 0., 0., 0., 0., 0., 0., 0., 0., 0., 0., 0., 0., 0., 0., 0.]])
tensor([0., 0., 0., 0., 0., 0., 0., 0., 0., 0., 0., 0., 0., 0., 0., 0., 0., 0., 0., 0., 0.])
layer 3
tensor([[0., 0., 0., 0., 0., 0., 0., 0., 0., 0., 0., 0., 0., 0., 0., 0., 0., 0., 0., 0., 0.],
        [0., 0., 0., 0., 0., 0., 0., 0., 0., 0., 0., 0., 0., 0., 0., 0., 0., 0., 0., 0., 0.],
        [0., 0., 0., 0., 0., 0., 0., 0., 0., 0., 0., 0., 0., 0., 0., 0., 0., 0., 0., 0., 0.],
        [0., 0., 0., 0., 0., 0., 0., 0., 0., 0., 0., 0., 0., 0., 0., 0., 0., 0., 0., 0., 0.],
        [0., 0., 0., 0., 0., 0., 0., 0., 0., 0., 0., 0., 0., 0., 0., 0., 0., 0., 0., 0., 0.],
        [0., 0., 0., 0., 0., 0., 0., 0., 0., 0., 0., 0., 0., 0., 0., 0., 0., 0., 0., 0., 0.],
        [0., 0., 0., 0., 0., 0., 0., 0., 0., 0., 0., 0., 0., 0., 0., 0., 0., 0., 0., 0., 0.],
        [0., 0., 0., 0., 0., 0., 0., 0., 0., 0., 0., 0., 0., 0., 0., 0., 0., 0., 0., 0., 0.],
        [0., 0., 0., 0., 0., 0., 0., 0., 0., 0., 0., 0., 0., 0., 0., 0., 0., 0., 0., 0., 0.],
        [0., 0., 0., 0., 0., 0., 0., 0., 0., 0., 0., 0., 0., 0., 0., 0., 0., 0., 0., 0., 0.],
        [0., 0., 0., 0., 0., 0., 0., 0., 0., 0., 0., 0., 0., 0., 0., 0., 0., 0., 0., 0., 0.],
        [0., 0., 0., 0., 0., 0., 0., 0., 0., 0., 0., 0., 0., 0., 0., 0., 0., 0., 0., 0., 0.],
        [0., 0., 0., 0., 0., 0., 0., 0., 0., 0., 0., 0., 0., 0., 0., 0., 0., 0., 0., 0., 0.],
        [0., 0., 0., 0., 0., 0., 0., 0., 0., 0., 0., 0., 0., 0., 0., 0., 0., 0., 0., 0., 0.],
        [0., 0., 0., 0., 0., 0., 0., 0., 0., 0., 0., 0., 0., 0., 0., 0., 0., 0., 0., 0., 0.],
        [0., 0., 0., 0., 0., 0., 0., 0., 0., 0., 0., 0., 0., 0., 0., 0., 0., 0., 0., 0., 0.],
        [0., 0., 0., 0., 0., 0., 0., 0., 0., 0., 0., 0., 0., 0., 0., 0., 0., 0., 0., 0., 0.],
        [0., 0., 0., 0., 0., 0., 0., 0., 0., 0., 0., 0., 0., 0., 0., 0., 0., 0., 0., 0., 0.],
        [0., 0., 0., 0., 0., 0., 0., 0., 0., 0., 0., 0., 0., 0., 0., 0., 0., 0., 0., 0., 0.],
        [0., 0., 0., 0., 0., 0., 0., 0., 0., 0., 0., 0., 0., 0., 0., 0., 0., 0., 0., 0., 0.],
        [0., 0., 0., 0., 0., 0., 0., 0., 0., 0., 0., 0., 0., 0., 0., 0., 0., 0., 0., 0., 0.]])
tensor([0., 0., 0., 0., 0., 0., 0., 0., 0., 0., 0., 0., 0., 0., 0., 0., 0., 0., 0., 0., 0.])
layer 4
tensor([[0., 0., 0., 0., 0., 0., 0., 0., 0., 0., 0., 0., 0., 0., 0., 0., 0., 0., 0., 0., 0.],
        [0., 0., 0., 0., 0., 0., 0., 0., 0., 0., 0., 0., 0., 0., 0., 0., 0., 0., 0., 0., 0.],
        [0., 0., 0., 0., 0., 0., 0., 0., 0., 0., 0., 0., 0., 0., 0., 0., 0., 0., 0., 0., 0.],
        [0., 0., 0., 0., 0., 0., 0., 0., 0., 0., 0., 0., 0., 0., 0., 0., 0., 0., 0., 0., 0.],
        [0., 0., 0., 0., 0., 0., 0., 0., 0., 0., 0., 0., 0., 0., 0., 0., 0., 0., 0., 0., 0.],
        [0., 0., 0., 0., 0., 0., 0., 0., 0., 0., 0., 0., 0., 0., 0., 0., 0., 0., 0., 0., 0.],
        [0., 0., 0., 0., 0., 0., 0., 0., 0., 0., 0., 0., 0., 0., 0., 0., 0., 0., 0., 0., 0.],
        [0., 0., 0., 0., 0., 0., 0., 0., 0., 0., 0., 0., 0., 0., 0., 0., 0., 0., 0., 0., 0.],
        [0., 0., 0., 0., 0., 0., 0., 0., 0., 0., 0., 0., 0., 0., 0., 0., 0., 0., 0., 0., 0.],
        [0., 0., 0., 0., 0., 0., 0., 0., 0., 0., 0., 0., 0., 0., 0., 0., 0., 0., 0., 0., 0.],
        [0., 0., 0., 0., 0., 0., 0., 0., 0., 0., 0., 0., 0., 0., 0., 0., 0., 0., 0., 0., 0.],
        [0., 0., 0., 0., 0., 0., 0., 0., 0., 0., 0., 0., 0., 0., 0., 0., 0., 0., 0., 0., 0.],
        [0., 0., 0., 0., 0., 0., 0., 0., 0., 0., 0., 0., 0., 0., 0., 0., 0., 0., 0., 0., 0.],
        [0., 0., 0., 0., 0., 0., 0., 0., 0., 0., 0., 0., 0., 0., 0., 0., 0., 0., 0., 0., 0.],
        [0., 0., 0., 0., 0., 0., 0., 0., 0., 0., 0., 0., 0., 0., 0., 0., 0., 0., 0., 0., 0.],
        [0., 0., 0., 0., 0., 0., 0., 0., 0., 0., 0., 0., 0., 0., 0., 0., 0., 0., 0., 0., 0.],
        [0., 0., 0., 0., 0., 0., 0., 0., 0., 0., 0., 0., 0., 0., 0., 0., 0., 0., 0., 0., 0.],
        [0., 0., 0., 0., 0., 0., 0., 0., 0., 0., 0., 0., 0., 0., 0., 0., 0., 0., 0., 0., 0.],
        [0., 0., 0., 0., 0., 0., 0., 0., 0., 0., 0., 0., 0., 0., 0., 0., 0., 0., 0., 0., 0.],
        [0., 0., 0., 0., 0., 0., 0., 0., 0., 0., 0., 0., 0., 0., 0., 0., 0., 0., 0., 0., 0.],
        [0., 0., 0., 0., 0., 0., 0., 0., 0., 0., 0., 0., 0., 0., 0., 0., 0., 0., 0., 0., 0.]])
tensor([0., 0., 0., 0., 0., 0., 0., 0., 0., 0., 0., 0., 0., 0., 0., 0., 0., 0., 0., 0., 0.])
[layer 5]
tensor([[-2.9386e-40, -2.9386e-40, -2.9386e-40, -2.9386e-40, -2.9386e-40,
         -2.9386e-40, -2.9386e-40, -2.9386e-40, -2.9386e-40, -2.9386e-40,
         -2.9386e-40, -2.9386e-40, -2.9386e-40, -2.9386e-40, -2.9386e-40,
         -2.9386e-40, -2.9386e-40, -2.9386e-40, -2.9386e-40, -2.9386e-40,
         -2.9386e-40],
        [-2.9386e-40, -2.9386e-40, -2.9386e-40, -2.9386e-40, -2.9386e-40,
         -2.9386e-40, -2.9386e-40, -2.9386e-40, -2.9386e-40, -2.9386e-40,
         -2.9386e-40, -2.9386e-40, -2.9386e-40, -2.9386e-40, -2.9386e-40,
         -2.9386e-40, -2.9386e-40, -2.9386e-40, -2.9386e-40, -2.9386e-40,
         -2.9386e-40],
        [-2.9386e-40, -2.9386e-40, -2.9386e-40, -2.9386e-40, -2.9386e-40,
         -2.9386e-40, -2.9386e-40, -2.9386e-40, -2.9386e-40, -2.9386e-40,
         -2.9386e-40, -2.9386e-40, -2.9386e-40, -2.9386e-40, -2.9386e-40,
         -2.9386e-40, -2.9386e-40, -2.9386e-40, -2.9386e-40, -2.9386e-40,
         -2.9386e-40],
        [-2.9386e-40, -2.9386e-40, -2.9386e-40, -2.9386e-40, -2.9386e-40,
         -2.9386e-40, -2.9386e-40, -2.9386e-40, -2.9386e-40, -2.9386e-40,
         -2.9386e-40, -2.9386e-40, -2.9386e-40, -2.9386e-40, -2.9386e-40,
         -2.9386e-40, -2.9386e-40, -2.9386e-40, -2.9386e-40, -2.9386e-40,
         -2.9386e-40],
        [-2.9386e-40, -2.9386e-40, -2.9386e-40, -2.9386e-40, -2.9386e-40,
         -2.9386e-40, -2.9386e-40, -2.9386e-40, -2.9386e-40, -2.9386e-40,
         -2.9386e-40, -2.9386e-40, -2.9386e-40, -2.9386e-40, -2.9386e-40,
         -2.9386e-40, -2.9386e-40, -2.9386e-40, -2.9386e-40, -2.9386e-40,
         -2.9386e-40],
        [-2.9386e-40, -2.9386e-40, -2.9386e-40, -2.9386e-40, -2.9386e-40,
         -2.9386e-40, -2.9386e-40, -2.9386e-40, -2.9386e-40, -2.9386e-40,
         -2.9386e-40, -2.9386e-40, -2.9386e-40, -2.9386e-40, -2.9386e-40,
         -2.9386e-40, -2.9386e-40, -2.9386e-40, -2.9386e-40, -2.9386e-40,
         -2.9386e-40],
        [-2.9386e-40, -2.9386e-40, -2.9386e-40, -2.9386e-40, -2.9386e-40,
         -2.9386e-40, -2.9386e-40, -2.9386e-40, -2.9386e-40, -2.9386e-40,
         -2.9386e-40, -2.9386e-40, -2.9386e-40, -2.9386e-40, -2.9386e-40,
         -2.9386e-40, -2.9386e-40, -2.9386e-40, -2.9386e-40, -2.9386e-40,
         -2.9386e-40],
        [-2.9386e-40, -2.9386e-40, -2.9386e-40, -2.9386e-40, -2.9386e-40,
         -2.9386e-40, -2.9386e-40, -2.9386e-40, -2.9386e-40, -2.9386e-40,
         -2.9386e-40, -2.9386e-40, -2.9386e-40, -2.9386e-40, -2.9386e-40,
         -2.9386e-40, -2.9386e-40, -2.9386e-40, -2.9386e-40, -2.9386e-40,
         -2.9386e-40],
        [-2.9386e-40, -2.9386e-40, -2.9386e-40, -2.9386e-40, -2.9386e-40,
         -2.9386e-40, -2.9386e-40, -2.9386e-40, -2.9386e-40, -2.9386e-40,
         -2.9386e-40, -2.9386e-40, -2.9386e-40, -2.9386e-40, -2.9386e-40,
         -2.9386e-40, -2.9386e-40, -2.9386e-40, -2.9386e-40, -2.9386e-40,
         -2.9386e-40],
        [-2.9386e-40, -2.9386e-40, -2.9386e-40, -2.9386e-40, -2.9386e-40,
         -2.9386e-40, -2.9386e-40, -2.9386e-40, -2.9386e-40, -2.9386e-40,
         -2.9386e-40, -2.9386e-40, -2.9386e-40, -2.9386e-40, -2.9386e-40,
         -2.9386e-40, -2.9386e-40, -2.9386e-40, -2.9386e-40, -2.9386e-40,
         -2.9386e-40],
        [-2.9386e-40, -2.9386e-40, -2.9386e-40, -2.9386e-40, -2.9386e-40,
         -2.9386e-40, -2.9386e-40, -2.9386e-40, -2.9386e-40, -2.9386e-40,
         -2.9386e-40, -2.9386e-40, -2.9386e-40, -2.9386e-40, -2.9386e-40,
         -2.9386e-40, -2.9386e-40, -2.9386e-40, -2.9386e-40, -2.9386e-40,
         -2.9386e-40],
        [-2.9386e-40, -2.9386e-40, -2.9386e-40, -2.9386e-40, -2.9386e-40,
         -2.9386e-40, -2.9386e-40, -2.9386e-40, -2.9386e-40, -2.9386e-40,
         -2.9386e-40, -2.9386e-40, -2.9386e-40, -2.9386e-40, -2.9386e-40,
         -2.9386e-40, -2.9386e-40, -2.9386e-40, -2.9386e-40, -2.9386e-40,
         -2.9386e-40],
        [-2.9386e-40, -2.9386e-40, -2.9386e-40, -2.9386e-40, -2.9386e-40,
         -2.9386e-40, -2.9386e-40, -2.9386e-40, -2.9386e-40, -2.9386e-40,
         -2.9386e-40, -2.9386e-40, -2.9386e-40, -2.9386e-40, -2.9386e-40,
         -2.9386e-40, -2.9386e-40, -2.9386e-40, -2.9386e-40, -2.9386e-40,
         -2.9386e-40],
        [-2.9386e-40, -2.9386e-40, -2.9386e-40, -2.9386e-40, -2.9386e-40,
         -2.9386e-40, -2.9386e-40, -2.9386e-40, -2.9386e-40, -2.9386e-40,
         -2.9386e-40, -2.9386e-40, -2.9386e-40, -2.9386e-40, -2.9386e-40,
         -2.9386e-40, -2.9386e-40, -2.9386e-40, -2.9386e-40, -2.9386e-40,
         -2.9386e-40],
        [-2.9386e-40, -2.9386e-40, -2.9386e-40, -2.9386e-40, -2.9386e-40,
         -2.9386e-40, -2.9386e-40, -2.9386e-40, -2.9386e-40, -2.9386e-40,
         -2.9386e-40, -2.9386e-40, -2.9386e-40, -2.9386e-40, -2.9386e-40,
         -2.9386e-40, -2.9386e-40, -2.9386e-40, -2.9386e-40, -2.9386e-40,
         -2.9386e-40],
        [-2.9386e-40, -2.9386e-40, -2.9386e-40, -2.9386e-40, -2.9386e-40,
         -2.9386e-40, -2.9386e-40, -2.9386e-40, -2.9386e-40, -2.9386e-40,
         -2.9386e-40, -2.9386e-40, -2.9386e-40, -2.9386e-40, -2.9386e-40,
         -2.9386e-40, -2.9386e-40, -2.9386e-40, -2.9386e-40, -2.9386e-40,
         -2.9386e-40],
        [-2.9386e-40, -2.9386e-40, -2.9386e-40, -2.9386e-40, -2.9386e-40,
         -2.9386e-40, -2.9386e-40, -2.9386e-40, -2.9386e-40, -2.9386e-40,
         -2.9386e-40, -2.9386e-40, -2.9386e-40, -2.9386e-40, -2.9386e-40,
         -2.9386e-40, -2.9386e-40, -2.9386e-40, -2.9386e-40, -2.9386e-40,
         -2.9386e-40],
        [-2.9386e-40, -2.9386e-40, -2.9386e-40, -2.9386e-40, -2.9386e-40,
         -2.9386e-40, -2.9386e-40, -2.9386e-40, -2.9386e-40, -2.9386e-40,
         -2.9386e-40, -2.9386e-40, -2.9386e-40, -2.9386e-40, -2.9386e-40,
         -2.9386e-40, -2.9386e-40, -2.9386e-40, -2.9386e-40, -2.9386e-40,
         -2.9386e-40],
        [-2.9386e-40, -2.9386e-40, -2.9386e-40, -2.9386e-40, -2.9386e-40,
         -2.9386e-40, -2.9386e-40, -2.9386e-40, -2.9386e-40, -2.9386e-40,
         -2.9386e-40, -2.9386e-40, -2.9386e-40, -2.9386e-40, -2.9386e-40,
         -2.9386e-40, -2.9386e-40, -2.9386e-40, -2.9386e-40, -2.9386e-40,
         -2.9386e-40],
        [-2.9386e-40, -2.9386e-40, -2.9386e-40, -2.9386e-40, -2.9386e-40,
         -2.9386e-40, -2.9386e-40, -2.9386e-40, -2.9386e-40, -2.9386e-40,
         -2.9386e-40, -2.9386e-40, -2.9386e-40, -2.9386e-40, -2.9386e-40,
         -2.9386e-40, -2.9386e-40, -2.9386e-40, -2.9386e-40, -2.9386e-40,
         -2.9386e-40],
        [-2.9386e-40, -2.9386e-40, -2.9386e-40, -2.9386e-40, -2.9386e-40,
         -2.9386e-40, -2.9386e-40, -2.9386e-40, -2.9386e-40, -2.9386e-40,
         -2.9386e-40, -2.9386e-40, -2.9386e-40, -2.9386e-40, -2.9386e-40,
         -2.9386e-40, -2.9386e-40, -2.9386e-40, -2.9386e-40, -2.9386e-40,
         -2.9386e-40]])
tensor([-2.9386e-40, -2.9386e-40, -2.9386e-40, -2.9386e-40, -2.9386e-40,
        -2.9386e-40, -2.9386e-40, -2.9386e-40, -2.9386e-40, -2.9386e-40,
        -2.9386e-40, -2.9386e-40, -2.9386e-40, -2.9386e-40, -2.9386e-40,
        -2.9386e-40, -2.9386e-40, -2.9386e-40, -2.9386e-40, -2.9386e-40,
        -2.9386e-40])
[layer 6]
tensor([[-6.0228e-19, -6.0228e-19, -6.0228e-19, -6.0228e-19, -6.0228e-19,
         -6.0228e-19, -6.0228e-19, -6.0228e-19, -6.0228e-19, -6.0228e-19,
         -6.0228e-19, -6.0228e-19, -6.0228e-19, -6.0228e-19, -6.0228e-19,
         -6.0228e-19, -6.0228e-19, -6.0228e-19, -6.0228e-19, -6.0228e-19,
         -6.0228e-19],
        [-6.0228e-19, -6.0228e-19, -6.0228e-19, -6.0228e-19, -6.0228e-19,
         -6.0228e-19, -6.0228e-19, -6.0228e-19, -6.0228e-19, -6.0228e-19,
         -6.0228e-19, -6.0228e-19, -6.0228e-19, -6.0228e-19, -6.0228e-19,
         -6.0228e-19, -6.0228e-19, -6.0228e-19, -6.0228e-19, -6.0228e-19,
         -6.0228e-19],
        [-6.0228e-19, -6.0228e-19, -6.0228e-19, -6.0228e-19, -6.0228e-19,
         -6.0228e-19, -6.0228e-19, -6.0228e-19, -6.0228e-19, -6.0228e-19,
         -6.0228e-19, -6.0228e-19, -6.0228e-19, -6.0228e-19, -6.0228e-19,
         -6.0228e-19, -6.0228e-19, -6.0228e-19, -6.0228e-19, -6.0228e-19,
         -6.0228e-19],
        [-6.0228e-19, -6.0228e-19, -6.0228e-19, -6.0228e-19, -6.0228e-19,
         -6.0228e-19, -6.0228e-19, -6.0228e-19, -6.0228e-19, -6.0228e-19,
         -6.0228e-19, -6.0228e-19, -6.0228e-19, -6.0228e-19, -6.0228e-19,
         -6.0228e-19, -6.0228e-19, -6.0228e-19, -6.0228e-19, -6.0228e-19,
         -6.0228e-19],
        [-6.0228e-19, -6.0228e-19, -6.0228e-19, -6.0228e-19, -6.0228e-19,
         -6.0228e-19, -6.0228e-19, -6.0228e-19, -6.0228e-19, -6.0228e-19,
         -6.0228e-19, -6.0228e-19, -6.0228e-19, -6.0228e-19, -6.0228e-19,
         -6.0228e-19, -6.0228e-19, -6.0228e-19, -6.0228e-19, -6.0228e-19,
         -6.0228e-19],
        [-6.0228e-19, -6.0228e-19, -6.0228e-19, -6.0228e-19, -6.0228e-19,
         -6.0228e-19, -6.0228e-19, -6.0228e-19, -6.0228e-19, -6.0228e-19,
         -6.0228e-19, -6.0228e-19, -6.0228e-19, -6.0228e-19, -6.0228e-19,
         -6.0228e-19, -6.0228e-19, -6.0228e-19, -6.0228e-19, -6.0228e-19,
         -6.0228e-19],
        [-6.0228e-19, -6.0228e-19, -6.0228e-19, -6.0228e-19, -6.0228e-19,
         -6.0228e-19, -6.0228e-19, -6.0228e-19, -6.0228e-19, -6.0228e-19,
         -6.0228e-19, -6.0228e-19, -6.0228e-19, -6.0228e-19, -6.0228e-19,
         -6.0228e-19, -6.0228e-19, -6.0228e-19, -6.0228e-19, -6.0228e-19,
         -6.0228e-19],
        [-6.0228e-19, -6.0228e-19, -6.0228e-19, -6.0228e-19, -6.0228e-19,
         -6.0228e-19, -6.0228e-19, -6.0228e-19, -6.0228e-19, -6.0228e-19,
         -6.0228e-19, -6.0228e-19, -6.0228e-19, -6.0228e-19, -6.0228e-19,
         -6.0228e-19, -6.0228e-19, -6.0228e-19, -6.0228e-19, -6.0228e-19,
         -6.0228e-19],
        [-6.0228e-19, -6.0228e-19, -6.0228e-19, -6.0228e-19, -6.0228e-19,
         -6.0228e-19, -6.0228e-19, -6.0228e-19, -6.0228e-19, -6.0228e-19,
         -6.0228e-19, -6.0228e-19, -6.0228e-19, -6.0228e-19, -6.0228e-19,
         -6.0228e-19, -6.0228e-19, -6.0228e-19, -6.0228e-19, -6.0228e-19,
         -6.0228e-19],
        [-6.0228e-19, -6.0228e-19, -6.0228e-19, -6.0228e-19, -6.0228e-19,
         -6.0228e-19, -6.0228e-19, -6.0228e-19, -6.0228e-19, -6.0228e-19,
         -6.0228e-19, -6.0228e-19, -6.0228e-19, -6.0228e-19, -6.0228e-19,
         -6.0228e-19, -6.0228e-19, -6.0228e-19, -6.0228e-19, -6.0228e-19,
         -6.0228e-19],
        [-6.0228e-19, -6.0228e-19, -6.0228e-19, -6.0228e-19, -6.0228e-19,
         -6.0228e-19, -6.0228e-19, -6.0228e-19, -6.0228e-19, -6.0228e-19,
         -6.0228e-19, -6.0228e-19, -6.0228e-19, -6.0228e-19, -6.0228e-19,
         -6.0228e-19, -6.0228e-19, -6.0228e-19, -6.0228e-19, -6.0228e-19,
         -6.0228e-19],
        [-6.0228e-19, -6.0228e-19, -6.0228e-19, -6.0228e-19, -6.0228e-19,
         -6.0228e-19, -6.0228e-19, -6.0228e-19, -6.0228e-19, -6.0228e-19,
         -6.0228e-19, -6.0228e-19, -6.0228e-19, -6.0228e-19, -6.0228e-19,
         -6.0228e-19, -6.0228e-19, -6.0228e-19, -6.0228e-19, -6.0228e-19,
         -6.0228e-19],
        [-6.0228e-19, -6.0228e-19, -6.0228e-19, -6.0228e-19, -6.0228e-19,
         -6.0228e-19, -6.0228e-19, -6.0228e-19, -6.0228e-19, -6.0228e-19,
         -6.0228e-19, -6.0228e-19, -6.0228e-19, -6.0228e-19, -6.0228e-19,
         -6.0228e-19, -6.0228e-19, -6.0228e-19, -6.0228e-19, -6.0228e-19,
         -6.0228e-19],
        [-6.0228e-19, -6.0228e-19, -6.0228e-19, -6.0228e-19, -6.0228e-19,
         -6.0228e-19, -6.0228e-19, -6.0228e-19, -6.0228e-19, -6.0228e-19,
         -6.0228e-19, -6.0228e-19, -6.0228e-19, -6.0228e-19, -6.0228e-19,
         -6.0228e-19, -6.0228e-19, -6.0228e-19, -6.0228e-19, -6.0228e-19,
         -6.0228e-19],
        [-6.0228e-19, -6.0228e-19, -6.0228e-19, -6.0228e-19, -6.0228e-19,
         -6.0228e-19, -6.0228e-19, -6.0228e-19, -6.0228e-19, -6.0228e-19,
         -6.0228e-19, -6.0228e-19, -6.0228e-19, -6.0228e-19, -6.0228e-19,
         -6.0228e-19, -6.0228e-19, -6.0228e-19, -6.0228e-19, -6.0228e-19,
         -6.0228e-19],
        [-6.0228e-19, -6.0228e-19, -6.0228e-19, -6.0228e-19, -6.0228e-19,
         -6.0228e-19, -6.0228e-19, -6.0228e-19, -6.0228e-19, -6.0228e-19,
         -6.0228e-19, -6.0228e-19, -6.0228e-19, -6.0228e-19, -6.0228e-19,
         -6.0228e-19, -6.0228e-19, -6.0228e-19, -6.0228e-19, -6.0228e-19,
         -6.0228e-19],
        [-6.0228e-19, -6.0228e-19, -6.0228e-19, -6.0228e-19, -6.0228e-19,
         -6.0228e-19, -6.0228e-19, -6.0228e-19, -6.0228e-19, -6.0228e-19,
         -6.0228e-19, -6.0228e-19, -6.0228e-19, -6.0228e-19, -6.0228e-19,
         -6.0228e-19, -6.0228e-19, -6.0228e-19, -6.0228e-19, -6.0228e-19,
         -6.0228e-19],
        [-6.0228e-19, -6.0228e-19, -6.0228e-19, -6.0228e-19, -6.0228e-19,
         -6.0228e-19, -6.0228e-19, -6.0228e-19, -6.0228e-19, -6.0228e-19,
         -6.0228e-19, -6.0228e-19, -6.0228e-19, -6.0228e-19, -6.0228e-19,
         -6.0228e-19, -6.0228e-19, -6.0228e-19, -6.0228e-19, -6.0228e-19,
         -6.0228e-19],
        [-6.0228e-19, -6.0228e-19, -6.0228e-19, -6.0228e-19, -6.0228e-19,
         -6.0228e-19, -6.0228e-19, -6.0228e-19, -6.0228e-19, -6.0228e-19,
         -6.0228e-19, -6.0228e-19, -6.0228e-19, -6.0228e-19, -6.0228e-19,
         -6.0228e-19, -6.0228e-19, -6.0228e-19, -6.0228e-19, -6.0228e-19,
         -6.0228e-19],
        [-6.0228e-19, -6.0228e-19, -6.0228e-19, -6.0228e-19, -6.0228e-19,
         -6.0228e-19, -6.0228e-19, -6.0228e-19, -6.0228e-19, -6.0228e-19,
         -6.0228e-19, -6.0228e-19, -6.0228e-19, -6.0228e-19, -6.0228e-19,
         -6.0228e-19, -6.0228e-19, -6.0228e-19, -6.0228e-19, -6.0228e-19,
         -6.0228e-19],
        [-6.0228e-19, -6.0228e-19, -6.0228e-19, -6.0228e-19, -6.0228e-19,
         -6.0228e-19, -6.0228e-19, -6.0228e-19, -6.0228e-19, -6.0228e-19,
         -6.0228e-19, -6.0228e-19, -6.0228e-19, -6.0228e-19, -6.0228e-19,
         -6.0228e-19, -6.0228e-19, -6.0228e-19, -6.0228e-19, -6.0228e-19,
         -6.0228e-19]])
tensor([-6.0228e-19, -6.0228e-19, -6.0228e-19, -6.0228e-19, -6.0228e-19,
        -6.0228e-19, -6.0228e-19, -6.0228e-19, -6.0228e-19, -6.0228e-19,
        -6.0228e-19, -6.0228e-19, -6.0228e-19, -6.0228e-19, -6.0228e-19,
        -6.0228e-19, -6.0228e-19, -6.0228e-19, -6.0228e-19, -6.0228e-19,
        -6.0228e-19])
layer 7
tensor([[-1.5371e-08, -1.5371e-08, -1.5371e-08, -1.5371e-08, -1.5371e-08,
         -1.5371e-08, -1.5371e-08, -1.5371e-08, -1.5371e-08, -1.5371e-08,
         -1.5371e-08, -1.5371e-08, -1.5371e-08, -1.5371e-08, -1.5371e-08,
         -1.5371e-08, -1.5371e-08, -1.5371e-08, -1.5371e-08, -1.5371e-08,
         -1.5371e-08],
        [-1.5371e-08, -1.5371e-08, -1.5371e-08, -1.5371e-08, -1.5371e-08,
         -1.5371e-08, -1.5371e-08, -1.5371e-08, -1.5371e-08, -1.5371e-08,
         -1.5371e-08, -1.5371e-08, -1.5371e-08, -1.5371e-08, -1.5371e-08,
         -1.5371e-08, -1.5371e-08, -1.5371e-08, -1.5371e-08, -1.5371e-08,
         -1.5371e-08],
        [-1.5371e-08, -1.5371e-08, -1.5371e-08, -1.5371e-08, -1.5371e-08,
         -1.5371e-08, -1.5371e-08, -1.5371e-08, -1.5371e-08, -1.5371e-08,
         -1.5371e-08, -1.5371e-08, -1.5371e-08, -1.5371e-08, -1.5371e-08,
         -1.5371e-08, -1.5371e-08, -1.5371e-08, -1.5371e-08, -1.5371e-08,
         -1.5371e-08],
        [-1.5371e-08, -1.5371e-08, -1.5371e-08, -1.5371e-08, -1.5371e-08,
         -1.5371e-08, -1.5371e-08, -1.5371e-08, -1.5371e-08, -1.5371e-08,
         -1.5371e-08, -1.5371e-08, -1.5371e-08, -1.5371e-08, -1.5371e-08,
         -1.5371e-08, -1.5371e-08, -1.5371e-08, -1.5371e-08, -1.5371e-08,
         -1.5371e-08],
        [-1.5371e-08, -1.5371e-08, -1.5371e-08, -1.5371e-08, -1.5371e-08,
         -1.5371e-08, -1.5371e-08, -1.5371e-08, -1.5371e-08, -1.5371e-08,
         -1.5371e-08, -1.5371e-08, -1.5371e-08, -1.5371e-08, -1.5371e-08,
         -1.5371e-08, -1.5371e-08, -1.5371e-08, -1.5371e-08, -1.5371e-08,
         -1.5371e-08],
        [-1.5371e-08, -1.5371e-08, -1.5371e-08, -1.5371e-08, -1.5371e-08,
         -1.5371e-08, -1.5371e-08, -1.5371e-08, -1.5371e-08, -1.5371e-08,
         -1.5371e-08, -1.5371e-08, -1.5371e-08, -1.5371e-08, -1.5371e-08,
         -1.5371e-08, -1.5371e-08, -1.5371e-08, -1.5371e-08, -1.5371e-08,
         -1.5371e-08],
        [-1.5371e-08, -1.5371e-08, -1.5371e-08, -1.5371e-08, -1.5371e-08,
         -1.5371e-08, -1.5371e-08, -1.5371e-08, -1.5371e-08, -1.5371e-08,
         -1.5371e-08, -1.5371e-08, -1.5371e-08, -1.5371e-08, -1.5371e-08,
         -1.5371e-08, -1.5371e-08, -1.5371e-08, -1.5371e-08, -1.5371e-08,
         -1.5371e-08],
        [-1.5371e-08, -1.5371e-08, -1.5371e-08, -1.5371e-08, -1.5371e-08,
         -1.5371e-08, -1.5371e-08, -1.5371e-08, -1.5371e-08, -1.5371e-08,
         -1.5371e-08, -1.5371e-08, -1.5371e-08, -1.5371e-08, -1.5371e-08,
         -1.5371e-08, -1.5371e-08, -1.5371e-08, -1.5371e-08, -1.5371e-08,
         -1.5371e-08],
        [-1.5371e-08, -1.5371e-08, -1.5371e-08, -1.5371e-08, -1.5371e-08,
         -1.5371e-08, -1.5371e-08, -1.5371e-08, -1.5371e-08, -1.5371e-08,
         -1.5371e-08, -1.5371e-08, -1.5371e-08, -1.5371e-08, -1.5371e-08,
         -1.5371e-08, -1.5371e-08, -1.5371e-08, -1.5371e-08, -1.5371e-08,
         -1.5371e-08],
        [-1.5371e-08, -1.5371e-08, -1.5371e-08, -1.5371e-08, -1.5371e-08,
         -1.5371e-08, -1.5371e-08, -1.5371e-08, -1.5371e-08, -1.5371e-08,
         -1.5371e-08, -1.5371e-08, -1.5371e-08, -1.5371e-08, -1.5371e-08,
         -1.5371e-08, -1.5371e-08, -1.5371e-08, -1.5371e-08, -1.5371e-08,
         -1.5371e-08],
        [-1.5371e-08, -1.5371e-08, -1.5371e-08, -1.5371e-08, -1.5371e-08,
         -1.5371e-08, -1.5371e-08, -1.5371e-08, -1.5371e-08, -1.5371e-08,
         -1.5371e-08, -1.5371e-08, -1.5371e-08, -1.5371e-08, -1.5371e-08,
         -1.5371e-08, -1.5371e-08, -1.5371e-08, -1.5371e-08, -1.5371e-08,
         -1.5371e-08],
        [-1.5371e-08, -1.5371e-08, -1.5371e-08, -1.5371e-08, -1.5371e-08,
         -1.5371e-08, -1.5371e-08, -1.5371e-08, -1.5371e-08, -1.5371e-08,
         -1.5371e-08, -1.5371e-08, -1.5371e-08, -1.5371e-08, -1.5371e-08,
         -1.5371e-08, -1.5371e-08, -1.5371e-08, -1.5371e-08, -1.5371e-08,
         -1.5371e-08],
        [-1.5371e-08, -1.5371e-08, -1.5371e-08, -1.5371e-08, -1.5371e-08,
         -1.5371e-08, -1.5371e-08, -1.5371e-08, -1.5371e-08, -1.5371e-08,
         -1.5371e-08, -1.5371e-08, -1.5371e-08, -1.5371e-08, -1.5371e-08,
         -1.5371e-08, -1.5371e-08, -1.5371e-08, -1.5371e-08, -1.5371e-08,
         -1.5371e-08],
        [-1.5371e-08, -1.5371e-08, -1.5371e-08, -1.5371e-08, -1.5371e-08,
         -1.5371e-08, -1.5371e-08, -1.5371e-08, -1.5371e-08, -1.5371e-08,
         -1.5371e-08, -1.5371e-08, -1.5371e-08, -1.5371e-08, -1.5371e-08,
         -1.5371e-08, -1.5371e-08, -1.5371e-08, -1.5371e-08, -1.5371e-08,
         -1.5371e-08],
        [-1.5371e-08, -1.5371e-08, -1.5371e-08, -1.5371e-08, -1.5371e-08,
         -1.5371e-08, -1.5371e-08, -1.5371e-08, -1.5371e-08, -1.5371e-08,
         -1.5371e-08, -1.5371e-08, -1.5371e-08, -1.5371e-08, -1.5371e-08,
         -1.5371e-08, -1.5371e-08, -1.5371e-08, -1.5371e-08, -1.5371e-08,
         -1.5371e-08],
        [-1.5371e-08, -1.5371e-08, -1.5371e-08, -1.5371e-08, -1.5371e-08,
         -1.5371e-08, -1.5371e-08, -1.5371e-08, -1.5371e-08, -1.5371e-08,
         -1.5371e-08, -1.5371e-08, -1.5371e-08, -1.5371e-08, -1.5371e-08,
         -1.5371e-08, -1.5371e-08, -1.5371e-08, -1.5371e-08, -1.5371e-08,
         -1.5371e-08],
        [-1.5371e-08, -1.5371e-08, -1.5371e-08, -1.5371e-08, -1.5371e-08,
         -1.5371e-08, -1.5371e-08, -1.5371e-08, -1.5371e-08, -1.5371e-08,
         -1.5371e-08, -1.5371e-08, -1.5371e-08, -1.5371e-08, -1.5371e-08,
         -1.5371e-08, -1.5371e-08, -1.5371e-08, -1.5371e-08, -1.5371e-08,
         -1.5371e-08],
        [-1.5371e-08, -1.5371e-08, -1.5371e-08, -1.5371e-08, -1.5371e-08,
         -1.5371e-08, -1.5371e-08, -1.5371e-08, -1.5371e-08, -1.5371e-08,
         -1.5371e-08, -1.5371e-08, -1.5371e-08, -1.5371e-08, -1.5371e-08,
         -1.5371e-08, -1.5371e-08, -1.5371e-08, -1.5371e-08, -1.5371e-08,
         -1.5371e-08],
        [-1.5371e-08, -1.5371e-08, -1.5371e-08, -1.5371e-08, -1.5371e-08,
         -1.5371e-08, -1.5371e-08, -1.5371e-08, -1.5371e-08, -1.5371e-08,
         -1.5371e-08, -1.5371e-08, -1.5371e-08, -1.5371e-08, -1.5371e-08,
         -1.5371e-08, -1.5371e-08, -1.5371e-08, -1.5371e-08, -1.5371e-08,
         -1.5371e-08],
        [-1.5371e-08, -1.5371e-08, -1.5371e-08, -1.5371e-08, -1.5371e-08,
         -1.5371e-08, -1.5371e-08, -1.5371e-08, -1.5371e-08, -1.5371e-08,
         -1.5371e-08, -1.5371e-08, -1.5371e-08, -1.5371e-08, -1.5371e-08,
         -1.5371e-08, -1.5371e-08, -1.5371e-08, -1.5371e-08, -1.5371e-08,
         -1.5371e-08],
        [-1.5371e-08, -1.5371e-08, -1.5371e-08, -1.5371e-08, -1.5371e-08,
         -1.5371e-08, -1.5371e-08, -1.5371e-08, -1.5371e-08, -1.5371e-08,
         -1.5371e-08, -1.5371e-08, -1.5371e-08, -1.5371e-08, -1.5371e-08,
         -1.5371e-08, -1.5371e-08, -1.5371e-08, -1.5371e-08, -1.5371e-08,
         -1.5371e-08]])
tensor([-1.5371e-08, -1.5371e-08, -1.5371e-08, -1.5371e-08, -1.5371e-08,
        -1.5371e-08, -1.5371e-08, -1.5371e-08, -1.5371e-08, -1.5371e-08,
        -1.5371e-08, -1.5371e-08, -1.5371e-08, -1.5371e-08, -1.5371e-08,
        -1.5371e-08, -1.5371e-08, -1.5371e-08, -1.5371e-08, -1.5371e-08,
        -1.5371e-08])
layer 8
tensor([[-0.0015, -0.0015, -0.0015, -0.0015, -0.0015, -0.0015, -0.0015, -0.0015,
         -0.0015, -0.0015, -0.0015, -0.0015, -0.0015, -0.0015, -0.0015, -0.0015,
         -0.0015, -0.0015, -0.0015, -0.0015, -0.0015],
        [-0.0015, -0.0015, -0.0015, -0.0015, -0.0015, -0.0015, -0.0015, -0.0015,
         -0.0015, -0.0015, -0.0015, -0.0015, -0.0015, -0.0015, -0.0015, -0.0015,
         -0.0015, -0.0015, -0.0015, -0.0015, -0.0015],
        [-0.0015, -0.0015, -0.0015, -0.0015, -0.0015, -0.0015, -0.0015, -0.0015,
         -0.0015, -0.0015, -0.0015, -0.0015, -0.0015, -0.0015, -0.0015, -0.0015,
         -0.0015, -0.0015, -0.0015, -0.0015, -0.0015],
        [-0.0015, -0.0015, -0.0015, -0.0015, -0.0015, -0.0015, -0.0015, -0.0015,
         -0.0015, -0.0015, -0.0015, -0.0015, -0.0015, -0.0015, -0.0015, -0.0015,
         -0.0015, -0.0015, -0.0015, -0.0015, -0.0015],
        [-0.0015, -0.0015, -0.0015, -0.0015, -0.0015, -0.0015, -0.0015, -0.0015,
         -0.0015, -0.0015, -0.0015, -0.0015, -0.0015, -0.0015, -0.0015, -0.0015,
         -0.0015, -0.0015, -0.0015, -0.0015, -0.0015],
        [-0.0015, -0.0015, -0.0015, -0.0015, -0.0015, -0.0015, -0.0015, -0.0015,
         -0.0015, -0.0015, -0.0015, -0.0015, -0.0015, -0.0015, -0.0015, -0.0015,
         -0.0015, -0.0015, -0.0015, -0.0015, -0.0015],
        [-0.0015, -0.0015, -0.0015, -0.0015, -0.0015, -0.0015, -0.0015, -0.0015,
         -0.0015, -0.0015, -0.0015, -0.0015, -0.0015, -0.0015, -0.0015, -0.0015,
         -0.0015, -0.0015, -0.0015, -0.0015, -0.0015],
        [-0.0015, -0.0015, -0.0015, -0.0015, -0.0015, -0.0015, -0.0015, -0.0015,
         -0.0015, -0.0015, -0.0015, -0.0015, -0.0015, -0.0015, -0.0015, -0.0015,
         -0.0015, -0.0015, -0.0015, -0.0015, -0.0015],
        [-0.0015, -0.0015, -0.0015, -0.0015, -0.0015, -0.0015, -0.0015, -0.0015,
         -0.0015, -0.0015, -0.0015, -0.0015, -0.0015, -0.0015, -0.0015, -0.0015,
         -0.0015, -0.0015, -0.0015, -0.0015, -0.0015],
        [-0.0015, -0.0015, -0.0015, -0.0015, -0.0015, -0.0015, -0.0015, -0.0015,
         -0.0015, -0.0015, -0.0015, -0.0015, -0.0015, -0.0015, -0.0015, -0.0015,
         -0.0015, -0.0015, -0.0015, -0.0015, -0.0015],
        [-0.0015, -0.0015, -0.0015, -0.0015, -0.0015, -0.0015, -0.0015, -0.0015,
         -0.0015, -0.0015, -0.0015, -0.0015, -0.0015, -0.0015, -0.0015, -0.0015,
         -0.0015, -0.0015, -0.0015, -0.0015, -0.0015],
        [-0.0015, -0.0015, -0.0015, -0.0015, -0.0015, -0.0015, -0.0015, -0.0015,
         -0.0015, -0.0015, -0.0015, -0.0015, -0.0015, -0.0015, -0.0015, -0.0015,
         -0.0015, -0.0015, -0.0015, -0.0015, -0.0015],
        [-0.0015, -0.0015, -0.0015, -0.0015, -0.0015, -0.0015, -0.0015, -0.0015,
         -0.0015, -0.0015, -0.0015, -0.0015, -0.0015, -0.0015, -0.0015, -0.0015,
         -0.0015, -0.0015, -0.0015, -0.0015, -0.0015],
        [-0.0015, -0.0015, -0.0015, -0.0015, -0.0015, -0.0015, -0.0015, -0.0015,
         -0.0015, -0.0015, -0.0015, -0.0015, -0.0015, -0.0015, -0.0015, -0.0015,
         -0.0015, -0.0015, -0.0015, -0.0015, -0.0015],
        [-0.0015, -0.0015, -0.0015, -0.0015, -0.0015, -0.0015, -0.0015, -0.0015,
         -0.0015, -0.0015, -0.0015, -0.0015, -0.0015, -0.0015, -0.0015, -0.0015,
         -0.0015, -0.0015, -0.0015, -0.0015, -0.0015],
        [-0.0015, -0.0015, -0.0015, -0.0015, -0.0015, -0.0015, -0.0015, -0.0015,
         -0.0015, -0.0015, -0.0015, -0.0015, -0.0015, -0.0015, -0.0015, -0.0015,
         -0.0015, -0.0015, -0.0015, -0.0015, -0.0015],
        [-0.0015, -0.0015, -0.0015, -0.0015, -0.0015, -0.0015, -0.0015, -0.0015,
         -0.0015, -0.0015, -0.0015, -0.0015, -0.0015, -0.0015, -0.0015, -0.0015,
         -0.0015, -0.0015, -0.0015, -0.0015, -0.0015],
        [-0.0015, -0.0015, -0.0015, -0.0015, -0.0015, -0.0015, -0.0015, -0.0015,
         -0.0015, -0.0015, -0.0015, -0.0015, -0.0015, -0.0015, -0.0015, -0.0015,
         -0.0015, -0.0015, -0.0015, -0.0015, -0.0015],
        [-0.0015, -0.0015, -0.0015, -0.0015, -0.0015, -0.0015, -0.0015, -0.0015,
         -0.0015, -0.0015, -0.0015, -0.0015, -0.0015, -0.0015, -0.0015, -0.0015,
         -0.0015, -0.0015, -0.0015, -0.0015, -0.0015],
        [-0.0015, -0.0015, -0.0015, -0.0015, -0.0015, -0.0015, -0.0015, -0.0015,
         -0.0015, -0.0015, -0.0015, -0.0015, -0.0015, -0.0015, -0.0015, -0.0015,
         -0.0015, -0.0015, -0.0015, -0.0015, -0.0015],
        [-0.0015, -0.0015, -0.0015, -0.0015, -0.0015, -0.0015, -0.0015, -0.0015,
         -0.0015, -0.0015, -0.0015, -0.0015, -0.0015, -0.0015, -0.0015, -0.0015,
         -0.0015, -0.0015, -0.0015, -0.0015, -0.0015]])
tensor([-0.0015, -0.0015, -0.0015, -0.0015, -0.0015, -0.0015, -0.0015, -0.0015,
        -0.0015, -0.0015, -0.0015, -0.0015, -0.0015, -0.0015, -0.0015, -0.0015,
        -0.0015, -0.0015, -0.0015, -0.0015, -0.0015])
layer 9
tensor([[1.4742],
        [1.4742],
        [1.4742],
        [1.4742],
        [1.4742],
        [1.4742],
        [1.4742],
        [1.4742],
        [1.4742],
        [1.4742],
        [1.4742],
        [1.4742],
        [1.4742],
        [1.4742],
        [1.4742],
        [1.4742],
        [1.4742],
        [1.4742],
        [1.4742],
        [1.4742],
        [1.4742]])
tensor([1.4741])
