[layer 0]
tensor([[0., 0., 0., 0., 0., 0., 0., 0., 0., 0., 0., 0., 0., 0., 0., 0., 0., 0., 0., 0., 0.],
        [0., 0., 0., 0., 0., 0., 0., 0., 0., 0., 0., 0., 0., 0., 0., 0., 0., 0., 0., 0., 0.],
        [0., 0., 0., 0., 0., 0., 0., 0., 0., 0., 0., 0., 0., 0., 0., 0., 0., 0., 0., 0., 0.],
        [0., 0., 0., 0., 0., 0., 0., 0., 0., 0., 0., 0., 0., 0., 0., 0., 0., 0., 0., 0., 0.],
        [0., 0., 0., 0., 0., 0., 0., 0., 0., 0., 0., 0., 0., 0., 0., 0., 0., 0., 0., 0., 0.],
        [0., 0., 0., 0., 0., 0., 0., 0., 0., 0., 0., 0., 0., 0., 0., 0., 0., 0., 0., 0., 0.],
        [0., 0., 0., 0., 0., 0., 0., 0., 0., 0., 0., 0., 0., 0., 0., 0., 0., 0., 0., 0., 0.],
        [0., 0., 0., 0., 0., 0., 0., 0., 0., 0., 0., 0., 0., 0., 0., 0., 0., 0., 0., 0., 0.],
        [0., 0., 0., 0., 0., 0., 0., 0., 0., 0., 0., 0., 0., 0., 0., 0., 0., 0., 0., 0., 0.],
        [0., 0., 0., 0., 0., 0., 0., 0., 0., 0., 0., 0., 0., 0., 0., 0., 0., 0., 0., 0., 0.]])
tensor([0., 0., 0., 0., 0., 0., 0., 0., 0., 0., 0., 0., 0., 0., 0., 0., 0., 0., 0., 0., 0.])
[layer 1]
tensor([[0., 0., 0., 0., 0., 0., 0., 0., 0., 0., 0., 0., 0., 0., 0., 0., 0., 0., 0., 0., 0.],
        [0., 0., 0., 0., 0., 0., 0., 0., 0., 0., 0., 0., 0., 0., 0., 0., 0., 0., 0., 0., 0.],
        [0., 0., 0., 0., 0., 0., 0., 0., 0., 0., 0., 0., 0., 0., 0., 0., 0., 0., 0., 0., 0.],
        [0., 0., 0., 0., 0., 0., 0., 0., 0., 0., 0., 0., 0., 0., 0., 0., 0., 0., 0., 0., 0.],
        [0., 0., 0., 0., 0., 0., 0., 0., 0., 0., 0., 0., 0., 0., 0., 0., 0., 0., 0., 0., 0.],
        [0., 0., 0., 0., 0., 0., 0., 0., 0., 0., 0., 0., 0., 0., 0., 0., 0., 0., 0., 0., 0.],
        [0., 0., 0., 0., 0., 0., 0., 0., 0., 0., 0., 0., 0., 0., 0., 0., 0., 0., 0., 0., 0.],
        [0., 0., 0., 0., 0., 0., 0., 0., 0., 0., 0., 0., 0., 0., 0., 0., 0., 0., 0., 0., 0.],
        [0., 0., 0., 0., 0., 0., 0., 0., 0., 0., 0., 0., 0., 0., 0., 0., 0., 0., 0., 0., 0.],
        [0., 0., 0., 0., 0., 0., 0., 0., 0., 0., 0., 0., 0., 0., 0., 0., 0., 0., 0., 0., 0.],
        [0., 0., 0., 0., 0., 0., 0., 0., 0., 0., 0., 0., 0., 0., 0., 0., 0., 0., 0., 0., 0.],
        [0., 0., 0., 0., 0., 0., 0., 0., 0., 0., 0., 0., 0., 0., 0., 0., 0., 0., 0., 0., 0.],
        [0., 0., 0., 0., 0., 0., 0., 0., 0., 0., 0., 0., 0., 0., 0., 0., 0., 0., 0., 0., 0.],
        [0., 0., 0., 0., 0., 0., 0., 0., 0., 0., 0., 0., 0., 0., 0., 0., 0., 0., 0., 0., 0.],
        [0., 0., 0., 0., 0., 0., 0., 0., 0., 0., 0., 0., 0., 0., 0., 0., 0., 0., 0., 0., 0.],
        [0., 0., 0., 0., 0., 0., 0., 0., 0., 0., 0., 0., 0., 0., 0., 0., 0., 0., 0., 0., 0.],
        [0., 0., 0., 0., 0., 0., 0., 0., 0., 0., 0., 0., 0., 0., 0., 0., 0., 0., 0., 0., 0.],
        [0., 0., 0., 0., 0., 0., 0., 0., 0., 0., 0., 0., 0., 0., 0., 0., 0., 0., 0., 0., 0.],
        [0., 0., 0., 0., 0., 0., 0., 0., 0., 0., 0., 0., 0., 0., 0., 0., 0., 0., 0., 0., 0.],
        [0., 0., 0., 0., 0., 0., 0., 0., 0., 0., 0., 0., 0., 0., 0., 0., 0., 0., 0., 0., 0.],
        [0., 0., 0., 0., 0., 0., 0., 0., 0., 0., 0., 0., 0., 0., 0., 0., 0., 0., 0., 0., 0.]])
tensor([0., 0., 0., 0., 0., 0., 0., 0., 0., 0., 0., 0., 0., 0., 0., 0., 0., 0., 0., 0., 0.])
layer 2
tensor([[0., 0., 0., 0., 0., 0., 0., 0., 0., 0., 0., 0., 0., 0., 0., 0., 0., 0., 0., 0., 0.],
        [0., 0., 0., 0., 0., 0., 0., 0., 0., 0., 0., 0., 0., 0., 0., 0., 0., 0., 0., 0., 0.],
        [0., 0., 0., 0., 0., 0., 0., 0., 0., 0., 0., 0., 0., 0., 0., 0., 0., 0., 0., 0., 0.],
        [0., 0., 0., 0., 0., 0., 0., 0., 0., 0., 0., 0., 0., 0., 0., 0., 0., 0., 0., 0., 0.],
        [0., 0., 0., 0., 0., 0., 0., 0., 0., 0., 0., 0., 0., 0., 0., 0., 0., 0., 0., 0., 0.],
        [0., 0., 0., 0., 0., 0., 0., 0., 0., 0., 0., 0., 0., 0., 0., 0., 0., 0., 0., 0., 0.],
        [0., 0., 0., 0., 0., 0., 0., 0., 0., 0., 0., 0., 0., 0., 0., 0., 0., 0., 0., 0., 0.],
        [0., 0., 0., 0., 0., 0., 0., 0., 0., 0., 0., 0., 0., 0., 0., 0., 0., 0., 0., 0., 0.],
        [0., 0., 0., 0., 0., 0., 0., 0., 0., 0., 0., 0., 0., 0., 0., 0., 0., 0., 0., 0., 0.],
        [0., 0., 0., 0., 0., 0., 0., 0., 0., 0., 0., 0., 0., 0., 0., 0., 0., 0., 0., 0., 0.],
        [0., 0., 0., 0., 0., 0., 0., 0., 0., 0., 0., 0., 0., 0., 0., 0., 0., 0., 0., 0., 0.],
        [0., 0., 0., 0., 0., 0., 0., 0., 0., 0., 0., 0., 0., 0., 0., 0., 0., 0., 0., 0., 0.],
        [0., 0., 0., 0., 0., 0., 0., 0., 0., 0., 0., 0., 0., 0., 0., 0., 0., 0., 0., 0., 0.],
        [0., 0., 0., 0., 0., 0., 0., 0., 0., 0., 0., 0., 0., 0., 0., 0., 0., 0., 0., 0., 0.],
        [0., 0., 0., 0., 0., 0., 0., 0., 0., 0., 0., 0., 0., 0., 0., 0., 0., 0., 0., 0., 0.],
        [0., 0., 0., 0., 0., 0., 0., 0., 0., 0., 0., 0., 0., 0., 0., 0., 0., 0., 0., 0., 0.],
        [0., 0., 0., 0., 0., 0., 0., 0., 0., 0., 0., 0., 0., 0., 0., 0., 0., 0., 0., 0., 0.],
        [0., 0., 0., 0., 0., 0., 0., 0., 0., 0., 0., 0., 0., 0., 0., 0., 0., 0., 0., 0., 0.],
        [0., 0., 0., 0., 0., 0., 0., 0., 0., 0., 0., 0., 0., 0., 0., 0., 0., 0., 0., 0., 0.],
        [0., 0., 0., 0., 0., 0., 0., 0., 0., 0., 0., 0., 0., 0., 0., 0., 0., 0., 0., 0., 0.],
        [0., 0., 0., 0., 0., 0., 0., 0., 0., 0., 0., 0., 0., 0., 0., 0., 0., 0., 0., 0., 0.]])
tensor([0., 0., 0., 0., 0., 0., 0., 0., 0., 0., 0., 0., 0., 0., 0., 0., 0., 0., 0., 0., 0.])
layer 3
tensor([[0., 0., 0., 0., 0., 0., 0., 0., 0., 0., 0., 0., 0., 0., 0., 0., 0., 0., 0., 0., 0.],
        [0., 0., 0., 0., 0., 0., 0., 0., 0., 0., 0., 0., 0., 0., 0., 0., 0., 0., 0., 0., 0.],
        [0., 0., 0., 0., 0., 0., 0., 0., 0., 0., 0., 0., 0., 0., 0., 0., 0., 0., 0., 0., 0.],
        [0., 0., 0., 0., 0., 0., 0., 0., 0., 0., 0., 0., 0., 0., 0., 0., 0., 0., 0., 0., 0.],
        [0., 0., 0., 0., 0., 0., 0., 0., 0., 0., 0., 0., 0., 0., 0., 0., 0., 0., 0., 0., 0.],
        [0., 0., 0., 0., 0., 0., 0., 0., 0., 0., 0., 0., 0., 0., 0., 0., 0., 0., 0., 0., 0.],
        [0., 0., 0., 0., 0., 0., 0., 0., 0., 0., 0., 0., 0., 0., 0., 0., 0., 0., 0., 0., 0.],
        [0., 0., 0., 0., 0., 0., 0., 0., 0., 0., 0., 0., 0., 0., 0., 0., 0., 0., 0., 0., 0.],
        [0., 0., 0., 0., 0., 0., 0., 0., 0., 0., 0., 0., 0., 0., 0., 0., 0., 0., 0., 0., 0.],
        [0., 0., 0., 0., 0., 0., 0., 0., 0., 0., 0., 0., 0., 0., 0., 0., 0., 0., 0., 0., 0.],
        [0., 0., 0., 0., 0., 0., 0., 0., 0., 0., 0., 0., 0., 0., 0., 0., 0., 0., 0., 0., 0.],
        [0., 0., 0., 0., 0., 0., 0., 0., 0., 0., 0., 0., 0., 0., 0., 0., 0., 0., 0., 0., 0.],
        [0., 0., 0., 0., 0., 0., 0., 0., 0., 0., 0., 0., 0., 0., 0., 0., 0., 0., 0., 0., 0.],
        [0., 0., 0., 0., 0., 0., 0., 0., 0., 0., 0., 0., 0., 0., 0., 0., 0., 0., 0., 0., 0.],
        [0., 0., 0., 0., 0., 0., 0., 0., 0., 0., 0., 0., 0., 0., 0., 0., 0., 0., 0., 0., 0.],
        [0., 0., 0., 0., 0., 0., 0., 0., 0., 0., 0., 0., 0., 0., 0., 0., 0., 0., 0., 0., 0.],
        [0., 0., 0., 0., 0., 0., 0., 0., 0., 0., 0., 0., 0., 0., 0., 0., 0., 0., 0., 0., 0.],
        [0., 0., 0., 0., 0., 0., 0., 0., 0., 0., 0., 0., 0., 0., 0., 0., 0., 0., 0., 0., 0.],
        [0., 0., 0., 0., 0., 0., 0., 0., 0., 0., 0., 0., 0., 0., 0., 0., 0., 0., 0., 0., 0.],
        [0., 0., 0., 0., 0., 0., 0., 0., 0., 0., 0., 0., 0., 0., 0., 0., 0., 0., 0., 0., 0.],
        [0., 0., 0., 0., 0., 0., 0., 0., 0., 0., 0., 0., 0., 0., 0., 0., 0., 0., 0., 0., 0.]])
tensor([0., 0., 0., 0., 0., 0., 0., 0., 0., 0., 0., 0., 0., 0., 0., 0., 0., 0., 0., 0., 0.])
layer 4
tensor([[0., 0., 0., 0., 0., 0., 0., 0., 0., 0., 0., 0., 0., 0., 0., 0., 0., 0., 0., 0., 0.],
        [0., 0., 0., 0., 0., 0., 0., 0., 0., 0., 0., 0., 0., 0., 0., 0., 0., 0., 0., 0., 0.],
        [0., 0., 0., 0., 0., 0., 0., 0., 0., 0., 0., 0., 0., 0., 0., 0., 0., 0., 0., 0., 0.],
        [0., 0., 0., 0., 0., 0., 0., 0., 0., 0., 0., 0., 0., 0., 0., 0., 0., 0., 0., 0., 0.],
        [0., 0., 0., 0., 0., 0., 0., 0., 0., 0., 0., 0., 0., 0., 0., 0., 0., 0., 0., 0., 0.],
        [0., 0., 0., 0., 0., 0., 0., 0., 0., 0., 0., 0., 0., 0., 0., 0., 0., 0., 0., 0., 0.],
        [0., 0., 0., 0., 0., 0., 0., 0., 0., 0., 0., 0., 0., 0., 0., 0., 0., 0., 0., 0., 0.],
        [0., 0., 0., 0., 0., 0., 0., 0., 0., 0., 0., 0., 0., 0., 0., 0., 0., 0., 0., 0., 0.],
        [0., 0., 0., 0., 0., 0., 0., 0., 0., 0., 0., 0., 0., 0., 0., 0., 0., 0., 0., 0., 0.],
        [0., 0., 0., 0., 0., 0., 0., 0., 0., 0., 0., 0., 0., 0., 0., 0., 0., 0., 0., 0., 0.],
        [0., 0., 0., 0., 0., 0., 0., 0., 0., 0., 0., 0., 0., 0., 0., 0., 0., 0., 0., 0., 0.],
        [0., 0., 0., 0., 0., 0., 0., 0., 0., 0., 0., 0., 0., 0., 0., 0., 0., 0., 0., 0., 0.],
        [0., 0., 0., 0., 0., 0., 0., 0., 0., 0., 0., 0., 0., 0., 0., 0., 0., 0., 0., 0., 0.],
        [0., 0., 0., 0., 0., 0., 0., 0., 0., 0., 0., 0., 0., 0., 0., 0., 0., 0., 0., 0., 0.],
        [0., 0., 0., 0., 0., 0., 0., 0., 0., 0., 0., 0., 0., 0., 0., 0., 0., 0., 0., 0., 0.],
        [0., 0., 0., 0., 0., 0., 0., 0., 0., 0., 0., 0., 0., 0., 0., 0., 0., 0., 0., 0., 0.],
        [0., 0., 0., 0., 0., 0., 0., 0., 0., 0., 0., 0., 0., 0., 0., 0., 0., 0., 0., 0., 0.],
        [0., 0., 0., 0., 0., 0., 0., 0., 0., 0., 0., 0., 0., 0., 0., 0., 0., 0., 0., 0., 0.],
        [0., 0., 0., 0., 0., 0., 0., 0., 0., 0., 0., 0., 0., 0., 0., 0., 0., 0., 0., 0., 0.],
        [0., 0., 0., 0., 0., 0., 0., 0., 0., 0., 0., 0., 0., 0., 0., 0., 0., 0., 0., 0., 0.],
        [0., 0., 0., 0., 0., 0., 0., 0., 0., 0., 0., 0., 0., 0., 0., 0., 0., 0., 0., 0., 0.]])
tensor([0., 0., 0., 0., 0., 0., 0., 0., 0., 0., 0., 0., 0., 0., 0., 0., 0., 0., 0., 0., 0.])
[layer 5]
tensor([[-1.9039e-41, -1.9039e-41, -1.9039e-41, -1.9039e-41, -1.9039e-41,
         -1.9039e-41, -1.9039e-41, -1.9039e-41, -1.9039e-41, -1.9039e-41,
         -1.9039e-41, -1.9039e-41, -1.9039e-41, -1.9039e-41, -1.9039e-41,
         -1.9039e-41, -1.9039e-41, -1.9039e-41, -1.9039e-41, -1.9039e-41,
         -1.9039e-41],
        [-1.9039e-41, -1.9039e-41, -1.9039e-41, -1.9039e-41, -1.9039e-41,
         -1.9039e-41, -1.9039e-41, -1.9039e-41, -1.9039e-41, -1.9039e-41,
         -1.9039e-41, -1.9039e-41, -1.9039e-41, -1.9039e-41, -1.9039e-41,
         -1.9039e-41, -1.9039e-41, -1.9039e-41, -1.9039e-41, -1.9039e-41,
         -1.9039e-41],
        [-1.9039e-41, -1.9039e-41, -1.9039e-41, -1.9039e-41, -1.9039e-41,
         -1.9039e-41, -1.9039e-41, -1.9039e-41, -1.9039e-41, -1.9039e-41,
         -1.9039e-41, -1.9039e-41, -1.9039e-41, -1.9039e-41, -1.9039e-41,
         -1.9039e-41, -1.9039e-41, -1.9039e-41, -1.9039e-41, -1.9039e-41,
         -1.9039e-41],
        [-1.9039e-41, -1.9039e-41, -1.9039e-41, -1.9039e-41, -1.9039e-41,
         -1.9039e-41, -1.9039e-41, -1.9039e-41, -1.9039e-41, -1.9039e-41,
         -1.9039e-41, -1.9039e-41, -1.9039e-41, -1.9039e-41, -1.9039e-41,
         -1.9039e-41, -1.9039e-41, -1.9039e-41, -1.9039e-41, -1.9039e-41,
         -1.9039e-41],
        [-1.9039e-41, -1.9039e-41, -1.9039e-41, -1.9039e-41, -1.9039e-41,
         -1.9039e-41, -1.9039e-41, -1.9039e-41, -1.9039e-41, -1.9039e-41,
         -1.9039e-41, -1.9039e-41, -1.9039e-41, -1.9039e-41, -1.9039e-41,
         -1.9039e-41, -1.9039e-41, -1.9039e-41, -1.9039e-41, -1.9039e-41,
         -1.9039e-41],
        [-1.9039e-41, -1.9039e-41, -1.9039e-41, -1.9039e-41, -1.9039e-41,
         -1.9039e-41, -1.9039e-41, -1.9039e-41, -1.9039e-41, -1.9039e-41,
         -1.9039e-41, -1.9039e-41, -1.9039e-41, -1.9039e-41, -1.9039e-41,
         -1.9039e-41, -1.9039e-41, -1.9039e-41, -1.9039e-41, -1.9039e-41,
         -1.9039e-41],
        [-1.9039e-41, -1.9039e-41, -1.9039e-41, -1.9039e-41, -1.9039e-41,
         -1.9039e-41, -1.9039e-41, -1.9039e-41, -1.9039e-41, -1.9039e-41,
         -1.9039e-41, -1.9039e-41, -1.9039e-41, -1.9039e-41, -1.9039e-41,
         -1.9039e-41, -1.9039e-41, -1.9039e-41, -1.9039e-41, -1.9039e-41,
         -1.9039e-41],
        [-1.9039e-41, -1.9039e-41, -1.9039e-41, -1.9039e-41, -1.9039e-41,
         -1.9039e-41, -1.9039e-41, -1.9039e-41, -1.9039e-41, -1.9039e-41,
         -1.9039e-41, -1.9039e-41, -1.9039e-41, -1.9039e-41, -1.9039e-41,
         -1.9039e-41, -1.9039e-41, -1.9039e-41, -1.9039e-41, -1.9039e-41,
         -1.9039e-41],
        [-1.9039e-41, -1.9039e-41, -1.9039e-41, -1.9039e-41, -1.9039e-41,
         -1.9039e-41, -1.9039e-41, -1.9039e-41, -1.9039e-41, -1.9039e-41,
         -1.9039e-41, -1.9039e-41, -1.9039e-41, -1.9039e-41, -1.9039e-41,
         -1.9039e-41, -1.9039e-41, -1.9039e-41, -1.9039e-41, -1.9039e-41,
         -1.9039e-41],
        [-1.9039e-41, -1.9039e-41, -1.9039e-41, -1.9039e-41, -1.9039e-41,
         -1.9039e-41, -1.9039e-41, -1.9039e-41, -1.9039e-41, -1.9039e-41,
         -1.9039e-41, -1.9039e-41, -1.9039e-41, -1.9039e-41, -1.9039e-41,
         -1.9039e-41, -1.9039e-41, -1.9039e-41, -1.9039e-41, -1.9039e-41,
         -1.9039e-41],
        [-1.9039e-41, -1.9039e-41, -1.9039e-41, -1.9039e-41, -1.9039e-41,
         -1.9039e-41, -1.9039e-41, -1.9039e-41, -1.9039e-41, -1.9039e-41,
         -1.9039e-41, -1.9039e-41, -1.9039e-41, -1.9039e-41, -1.9039e-41,
         -1.9039e-41, -1.9039e-41, -1.9039e-41, -1.9039e-41, -1.9039e-41,
         -1.9039e-41],
        [-1.9039e-41, -1.9039e-41, -1.9039e-41, -1.9039e-41, -1.9039e-41,
         -1.9039e-41, -1.9039e-41, -1.9039e-41, -1.9039e-41, -1.9039e-41,
         -1.9039e-41, -1.9039e-41, -1.9039e-41, -1.9039e-41, -1.9039e-41,
         -1.9039e-41, -1.9039e-41, -1.9039e-41, -1.9039e-41, -1.9039e-41,
         -1.9039e-41],
        [-1.9039e-41, -1.9039e-41, -1.9039e-41, -1.9039e-41, -1.9039e-41,
         -1.9039e-41, -1.9039e-41, -1.9039e-41, -1.9039e-41, -1.9039e-41,
         -1.9039e-41, -1.9039e-41, -1.9039e-41, -1.9039e-41, -1.9039e-41,
         -1.9039e-41, -1.9039e-41, -1.9039e-41, -1.9039e-41, -1.9039e-41,
         -1.9039e-41],
        [-1.9039e-41, -1.9039e-41, -1.9039e-41, -1.9039e-41, -1.9039e-41,
         -1.9039e-41, -1.9039e-41, -1.9039e-41, -1.9039e-41, -1.9039e-41,
         -1.9039e-41, -1.9039e-41, -1.9039e-41, -1.9039e-41, -1.9039e-41,
         -1.9039e-41, -1.9039e-41, -1.9039e-41, -1.9039e-41, -1.9039e-41,
         -1.9039e-41],
        [-1.9039e-41, -1.9039e-41, -1.9039e-41, -1.9039e-41, -1.9039e-41,
         -1.9039e-41, -1.9039e-41, -1.9039e-41, -1.9039e-41, -1.9039e-41,
         -1.9039e-41, -1.9039e-41, -1.9039e-41, -1.9039e-41, -1.9039e-41,
         -1.9039e-41, -1.9039e-41, -1.9039e-41, -1.9039e-41, -1.9039e-41,
         -1.9039e-41],
        [-1.9039e-41, -1.9039e-41, -1.9039e-41, -1.9039e-41, -1.9039e-41,
         -1.9039e-41, -1.9039e-41, -1.9039e-41, -1.9039e-41, -1.9039e-41,
         -1.9039e-41, -1.9039e-41, -1.9039e-41, -1.9039e-41, -1.9039e-41,
         -1.9039e-41, -1.9039e-41, -1.9039e-41, -1.9039e-41, -1.9039e-41,
         -1.9039e-41],
        [-1.9039e-41, -1.9039e-41, -1.9039e-41, -1.9039e-41, -1.9039e-41,
         -1.9039e-41, -1.9039e-41, -1.9039e-41, -1.9039e-41, -1.9039e-41,
         -1.9039e-41, -1.9039e-41, -1.9039e-41, -1.9039e-41, -1.9039e-41,
         -1.9039e-41, -1.9039e-41, -1.9039e-41, -1.9039e-41, -1.9039e-41,
         -1.9039e-41],
        [-1.9039e-41, -1.9039e-41, -1.9039e-41, -1.9039e-41, -1.9039e-41,
         -1.9039e-41, -1.9039e-41, -1.9039e-41, -1.9039e-41, -1.9039e-41,
         -1.9039e-41, -1.9039e-41, -1.9039e-41, -1.9039e-41, -1.9039e-41,
         -1.9039e-41, -1.9039e-41, -1.9039e-41, -1.9039e-41, -1.9039e-41,
         -1.9039e-41],
        [-1.9039e-41, -1.9039e-41, -1.9039e-41, -1.9039e-41, -1.9039e-41,
         -1.9039e-41, -1.9039e-41, -1.9039e-41, -1.9039e-41, -1.9039e-41,
         -1.9039e-41, -1.9039e-41, -1.9039e-41, -1.9039e-41, -1.9039e-41,
         -1.9039e-41, -1.9039e-41, -1.9039e-41, -1.9039e-41, -1.9039e-41,
         -1.9039e-41],
        [-1.9039e-41, -1.9039e-41, -1.9039e-41, -1.9039e-41, -1.9039e-41,
         -1.9039e-41, -1.9039e-41, -1.9039e-41, -1.9039e-41, -1.9039e-41,
         -1.9039e-41, -1.9039e-41, -1.9039e-41, -1.9039e-41, -1.9039e-41,
         -1.9039e-41, -1.9039e-41, -1.9039e-41, -1.9039e-41, -1.9039e-41,
         -1.9039e-41],
        [-1.9039e-41, -1.9039e-41, -1.9039e-41, -1.9039e-41, -1.9039e-41,
         -1.9039e-41, -1.9039e-41, -1.9039e-41, -1.9039e-41, -1.9039e-41,
         -1.9039e-41, -1.9039e-41, -1.9039e-41, -1.9039e-41, -1.9039e-41,
         -1.9039e-41, -1.9039e-41, -1.9039e-41, -1.9039e-41, -1.9039e-41,
         -1.9039e-41]])
tensor([-1.9039e-41, -1.9039e-41, -1.9039e-41, -1.9039e-41, -1.9039e-41,
        -1.9039e-41, -1.9039e-41, -1.9039e-41, -1.9039e-41, -1.9039e-41,
        -1.9039e-41, -1.9039e-41, -1.9039e-41, -1.9039e-41, -1.9039e-41,
        -1.9039e-41, -1.9039e-41, -1.9039e-41, -1.9039e-41, -1.9039e-41,
        -1.9039e-41])
[layer 6]
tensor([[-1.8269e-19, -1.8269e-19, -1.8269e-19, -1.8269e-19, -1.8269e-19,
         -1.8269e-19, -1.8269e-19, -1.8269e-19, -1.8269e-19, -1.8269e-19,
         -1.8269e-19, -1.8269e-19, -1.8269e-19, -1.8269e-19, -1.8269e-19,
         -1.8269e-19, -1.8269e-19, -1.8269e-19, -1.8269e-19, -1.8269e-19,
         -1.8269e-19],
        [-1.8269e-19, -1.8269e-19, -1.8269e-19, -1.8269e-19, -1.8269e-19,
         -1.8269e-19, -1.8269e-19, -1.8269e-19, -1.8269e-19, -1.8269e-19,
         -1.8269e-19, -1.8269e-19, -1.8269e-19, -1.8269e-19, -1.8269e-19,
         -1.8269e-19, -1.8269e-19, -1.8269e-19, -1.8269e-19, -1.8269e-19,
         -1.8269e-19],
        [-1.8269e-19, -1.8269e-19, -1.8269e-19, -1.8269e-19, -1.8269e-19,
         -1.8269e-19, -1.8269e-19, -1.8269e-19, -1.8269e-19, -1.8269e-19,
         -1.8269e-19, -1.8269e-19, -1.8269e-19, -1.8269e-19, -1.8269e-19,
         -1.8269e-19, -1.8269e-19, -1.8269e-19, -1.8269e-19, -1.8269e-19,
         -1.8269e-19],
        [-1.8269e-19, -1.8269e-19, -1.8269e-19, -1.8269e-19, -1.8269e-19,
         -1.8269e-19, -1.8269e-19, -1.8269e-19, -1.8269e-19, -1.8269e-19,
         -1.8269e-19, -1.8269e-19, -1.8269e-19, -1.8269e-19, -1.8269e-19,
         -1.8269e-19, -1.8269e-19, -1.8269e-19, -1.8269e-19, -1.8269e-19,
         -1.8269e-19],
        [-1.8269e-19, -1.8269e-19, -1.8269e-19, -1.8269e-19, -1.8269e-19,
         -1.8269e-19, -1.8269e-19, -1.8269e-19, -1.8269e-19, -1.8269e-19,
         -1.8269e-19, -1.8269e-19, -1.8269e-19, -1.8269e-19, -1.8269e-19,
         -1.8269e-19, -1.8269e-19, -1.8269e-19, -1.8269e-19, -1.8269e-19,
         -1.8269e-19],
        [-1.8269e-19, -1.8269e-19, -1.8269e-19, -1.8269e-19, -1.8269e-19,
         -1.8269e-19, -1.8269e-19, -1.8269e-19, -1.8269e-19, -1.8269e-19,
         -1.8269e-19, -1.8269e-19, -1.8269e-19, -1.8269e-19, -1.8269e-19,
         -1.8269e-19, -1.8269e-19, -1.8269e-19, -1.8269e-19, -1.8269e-19,
         -1.8269e-19],
        [-1.8269e-19, -1.8269e-19, -1.8269e-19, -1.8269e-19, -1.8269e-19,
         -1.8269e-19, -1.8269e-19, -1.8269e-19, -1.8269e-19, -1.8269e-19,
         -1.8269e-19, -1.8269e-19, -1.8269e-19, -1.8269e-19, -1.8269e-19,
         -1.8269e-19, -1.8269e-19, -1.8269e-19, -1.8269e-19, -1.8269e-19,
         -1.8269e-19],
        [-1.8269e-19, -1.8269e-19, -1.8269e-19, -1.8269e-19, -1.8269e-19,
         -1.8269e-19, -1.8269e-19, -1.8269e-19, -1.8269e-19, -1.8269e-19,
         -1.8269e-19, -1.8269e-19, -1.8269e-19, -1.8269e-19, -1.8269e-19,
         -1.8269e-19, -1.8269e-19, -1.8269e-19, -1.8269e-19, -1.8269e-19,
         -1.8269e-19],
        [-1.8269e-19, -1.8269e-19, -1.8269e-19, -1.8269e-19, -1.8269e-19,
         -1.8269e-19, -1.8269e-19, -1.8269e-19, -1.8269e-19, -1.8269e-19,
         -1.8269e-19, -1.8269e-19, -1.8269e-19, -1.8269e-19, -1.8269e-19,
         -1.8269e-19, -1.8269e-19, -1.8269e-19, -1.8269e-19, -1.8269e-19,
         -1.8269e-19],
        [-1.8269e-19, -1.8269e-19, -1.8269e-19, -1.8269e-19, -1.8269e-19,
         -1.8269e-19, -1.8269e-19, -1.8269e-19, -1.8269e-19, -1.8269e-19,
         -1.8269e-19, -1.8269e-19, -1.8269e-19, -1.8269e-19, -1.8269e-19,
         -1.8269e-19, -1.8269e-19, -1.8269e-19, -1.8269e-19, -1.8269e-19,
         -1.8269e-19],
        [-1.8269e-19, -1.8269e-19, -1.8269e-19, -1.8269e-19, -1.8269e-19,
         -1.8269e-19, -1.8269e-19, -1.8269e-19, -1.8269e-19, -1.8269e-19,
         -1.8269e-19, -1.8269e-19, -1.8269e-19, -1.8269e-19, -1.8269e-19,
         -1.8269e-19, -1.8269e-19, -1.8269e-19, -1.8269e-19, -1.8269e-19,
         -1.8269e-19],
        [-1.8269e-19, -1.8269e-19, -1.8269e-19, -1.8269e-19, -1.8269e-19,
         -1.8269e-19, -1.8269e-19, -1.8269e-19, -1.8269e-19, -1.8269e-19,
         -1.8269e-19, -1.8269e-19, -1.8269e-19, -1.8269e-19, -1.8269e-19,
         -1.8269e-19, -1.8269e-19, -1.8269e-19, -1.8269e-19, -1.8269e-19,
         -1.8269e-19],
        [-1.8269e-19, -1.8269e-19, -1.8269e-19, -1.8269e-19, -1.8269e-19,
         -1.8269e-19, -1.8269e-19, -1.8269e-19, -1.8269e-19, -1.8269e-19,
         -1.8269e-19, -1.8269e-19, -1.8269e-19, -1.8269e-19, -1.8269e-19,
         -1.8269e-19, -1.8269e-19, -1.8269e-19, -1.8269e-19, -1.8269e-19,
         -1.8269e-19],
        [-1.8269e-19, -1.8269e-19, -1.8269e-19, -1.8269e-19, -1.8269e-19,
         -1.8269e-19, -1.8269e-19, -1.8269e-19, -1.8269e-19, -1.8269e-19,
         -1.8269e-19, -1.8269e-19, -1.8269e-19, -1.8269e-19, -1.8269e-19,
         -1.8269e-19, -1.8269e-19, -1.8269e-19, -1.8269e-19, -1.8269e-19,
         -1.8269e-19],
        [-1.8269e-19, -1.8269e-19, -1.8269e-19, -1.8269e-19, -1.8269e-19,
         -1.8269e-19, -1.8269e-19, -1.8269e-19, -1.8269e-19, -1.8269e-19,
         -1.8269e-19, -1.8269e-19, -1.8269e-19, -1.8269e-19, -1.8269e-19,
         -1.8269e-19, -1.8269e-19, -1.8269e-19, -1.8269e-19, -1.8269e-19,
         -1.8269e-19],
        [-1.8269e-19, -1.8269e-19, -1.8269e-19, -1.8269e-19, -1.8269e-19,
         -1.8269e-19, -1.8269e-19, -1.8269e-19, -1.8269e-19, -1.8269e-19,
         -1.8269e-19, -1.8269e-19, -1.8269e-19, -1.8269e-19, -1.8269e-19,
         -1.8269e-19, -1.8269e-19, -1.8269e-19, -1.8269e-19, -1.8269e-19,
         -1.8269e-19],
        [-1.8269e-19, -1.8269e-19, -1.8269e-19, -1.8269e-19, -1.8269e-19,
         -1.8269e-19, -1.8269e-19, -1.8269e-19, -1.8269e-19, -1.8269e-19,
         -1.8269e-19, -1.8269e-19, -1.8269e-19, -1.8269e-19, -1.8269e-19,
         -1.8269e-19, -1.8269e-19, -1.8269e-19, -1.8269e-19, -1.8269e-19,
         -1.8269e-19],
        [-1.8269e-19, -1.8269e-19, -1.8269e-19, -1.8269e-19, -1.8269e-19,
         -1.8269e-19, -1.8269e-19, -1.8269e-19, -1.8269e-19, -1.8269e-19,
         -1.8269e-19, -1.8269e-19, -1.8269e-19, -1.8269e-19, -1.8269e-19,
         -1.8269e-19, -1.8269e-19, -1.8269e-19, -1.8269e-19, -1.8269e-19,
         -1.8269e-19],
        [-1.8269e-19, -1.8269e-19, -1.8269e-19, -1.8269e-19, -1.8269e-19,
         -1.8269e-19, -1.8269e-19, -1.8269e-19, -1.8269e-19, -1.8269e-19,
         -1.8269e-19, -1.8269e-19, -1.8269e-19, -1.8269e-19, -1.8269e-19,
         -1.8269e-19, -1.8269e-19, -1.8269e-19, -1.8269e-19, -1.8269e-19,
         -1.8269e-19],
        [-1.8269e-19, -1.8269e-19, -1.8269e-19, -1.8269e-19, -1.8269e-19,
         -1.8269e-19, -1.8269e-19, -1.8269e-19, -1.8269e-19, -1.8269e-19,
         -1.8269e-19, -1.8269e-19, -1.8269e-19, -1.8269e-19, -1.8269e-19,
         -1.8269e-19, -1.8269e-19, -1.8269e-19, -1.8269e-19, -1.8269e-19,
         -1.8269e-19],
        [-1.8269e-19, -1.8269e-19, -1.8269e-19, -1.8269e-19, -1.8269e-19,
         -1.8269e-19, -1.8269e-19, -1.8269e-19, -1.8269e-19, -1.8269e-19,
         -1.8269e-19, -1.8269e-19, -1.8269e-19, -1.8269e-19, -1.8269e-19,
         -1.8269e-19, -1.8269e-19, -1.8269e-19, -1.8269e-19, -1.8269e-19,
         -1.8269e-19]])
tensor([-1.8269e-19, -1.8269e-19, -1.8269e-19, -1.8269e-19, -1.8269e-19,
        -1.8269e-19, -1.8269e-19, -1.8269e-19, -1.8269e-19, -1.8269e-19,
        -1.8269e-19, -1.8269e-19, -1.8269e-19, -1.8269e-19, -1.8269e-19,
        -1.8269e-19, -1.8269e-19, -1.8269e-19, -1.8269e-19, -1.8269e-19,
        -1.8269e-19])
layer 7
tensor([[-9.5151e-09, -9.5151e-09, -9.5151e-09, -9.5151e-09, -9.5151e-09,
         -9.5151e-09, -9.5151e-09, -9.5151e-09, -9.5151e-09, -9.5151e-09,
         -9.5151e-09, -9.5151e-09, -9.5151e-09, -9.5151e-09, -9.5151e-09,
         -9.5151e-09, -9.5151e-09, -9.5151e-09, -9.5151e-09, -9.5151e-09,
         -9.5151e-09],
        [-9.5151e-09, -9.5151e-09, -9.5151e-09, -9.5151e-09, -9.5151e-09,
         -9.5151e-09, -9.5151e-09, -9.5151e-09, -9.5151e-09, -9.5151e-09,
         -9.5151e-09, -9.5151e-09, -9.5151e-09, -9.5151e-09, -9.5151e-09,
         -9.5151e-09, -9.5151e-09, -9.5151e-09, -9.5151e-09, -9.5151e-09,
         -9.5151e-09],
        [-9.5151e-09, -9.5151e-09, -9.5151e-09, -9.5151e-09, -9.5151e-09,
         -9.5151e-09, -9.5151e-09, -9.5151e-09, -9.5151e-09, -9.5151e-09,
         -9.5151e-09, -9.5151e-09, -9.5151e-09, -9.5151e-09, -9.5151e-09,
         -9.5151e-09, -9.5151e-09, -9.5151e-09, -9.5151e-09, -9.5151e-09,
         -9.5151e-09],
        [-9.5151e-09, -9.5151e-09, -9.5151e-09, -9.5151e-09, -9.5151e-09,
         -9.5151e-09, -9.5151e-09, -9.5151e-09, -9.5151e-09, -9.5151e-09,
         -9.5151e-09, -9.5151e-09, -9.5151e-09, -9.5151e-09, -9.5151e-09,
         -9.5151e-09, -9.5151e-09, -9.5151e-09, -9.5151e-09, -9.5151e-09,
         -9.5151e-09],
        [-9.5151e-09, -9.5151e-09, -9.5151e-09, -9.5151e-09, -9.5151e-09,
         -9.5151e-09, -9.5151e-09, -9.5151e-09, -9.5151e-09, -9.5151e-09,
         -9.5151e-09, -9.5151e-09, -9.5151e-09, -9.5151e-09, -9.5151e-09,
         -9.5151e-09, -9.5151e-09, -9.5151e-09, -9.5151e-09, -9.5151e-09,
         -9.5151e-09],
        [-9.5151e-09, -9.5151e-09, -9.5151e-09, -9.5151e-09, -9.5151e-09,
         -9.5151e-09, -9.5151e-09, -9.5151e-09, -9.5151e-09, -9.5151e-09,
         -9.5151e-09, -9.5151e-09, -9.5151e-09, -9.5151e-09, -9.5151e-09,
         -9.5151e-09, -9.5151e-09, -9.5151e-09, -9.5151e-09, -9.5151e-09,
         -9.5151e-09],
        [-9.5151e-09, -9.5151e-09, -9.5151e-09, -9.5151e-09, -9.5151e-09,
         -9.5151e-09, -9.5151e-09, -9.5151e-09, -9.5151e-09, -9.5151e-09,
         -9.5151e-09, -9.5151e-09, -9.5151e-09, -9.5151e-09, -9.5151e-09,
         -9.5151e-09, -9.5151e-09, -9.5151e-09, -9.5151e-09, -9.5151e-09,
         -9.5151e-09],
        [-9.5151e-09, -9.5151e-09, -9.5151e-09, -9.5151e-09, -9.5151e-09,
         -9.5151e-09, -9.5151e-09, -9.5151e-09, -9.5151e-09, -9.5151e-09,
         -9.5151e-09, -9.5151e-09, -9.5151e-09, -9.5151e-09, -9.5151e-09,
         -9.5151e-09, -9.5151e-09, -9.5151e-09, -9.5151e-09, -9.5151e-09,
         -9.5151e-09],
        [-9.5151e-09, -9.5151e-09, -9.5151e-09, -9.5151e-09, -9.5151e-09,
         -9.5151e-09, -9.5151e-09, -9.5151e-09, -9.5151e-09, -9.5151e-09,
         -9.5151e-09, -9.5151e-09, -9.5151e-09, -9.5151e-09, -9.5151e-09,
         -9.5151e-09, -9.5151e-09, -9.5151e-09, -9.5151e-09, -9.5151e-09,
         -9.5151e-09],
        [-9.5151e-09, -9.5151e-09, -9.5151e-09, -9.5151e-09, -9.5151e-09,
         -9.5151e-09, -9.5151e-09, -9.5151e-09, -9.5151e-09, -9.5151e-09,
         -9.5151e-09, -9.5151e-09, -9.5151e-09, -9.5151e-09, -9.5151e-09,
         -9.5151e-09, -9.5151e-09, -9.5151e-09, -9.5151e-09, -9.5151e-09,
         -9.5151e-09],
        [-9.5151e-09, -9.5151e-09, -9.5151e-09, -9.5151e-09, -9.5151e-09,
         -9.5151e-09, -9.5151e-09, -9.5151e-09, -9.5151e-09, -9.5151e-09,
         -9.5151e-09, -9.5151e-09, -9.5151e-09, -9.5151e-09, -9.5151e-09,
         -9.5151e-09, -9.5151e-09, -9.5151e-09, -9.5151e-09, -9.5151e-09,
         -9.5151e-09],
        [-9.5151e-09, -9.5151e-09, -9.5151e-09, -9.5151e-09, -9.5151e-09,
         -9.5151e-09, -9.5151e-09, -9.5151e-09, -9.5151e-09, -9.5151e-09,
         -9.5151e-09, -9.5151e-09, -9.5151e-09, -9.5151e-09, -9.5151e-09,
         -9.5151e-09, -9.5151e-09, -9.5151e-09, -9.5151e-09, -9.5151e-09,
         -9.5151e-09],
        [-9.5151e-09, -9.5151e-09, -9.5151e-09, -9.5151e-09, -9.5151e-09,
         -9.5151e-09, -9.5151e-09, -9.5151e-09, -9.5151e-09, -9.5151e-09,
         -9.5151e-09, -9.5151e-09, -9.5151e-09, -9.5151e-09, -9.5151e-09,
         -9.5151e-09, -9.5151e-09, -9.5151e-09, -9.5151e-09, -9.5151e-09,
         -9.5151e-09],
        [-9.5151e-09, -9.5151e-09, -9.5151e-09, -9.5151e-09, -9.5151e-09,
         -9.5151e-09, -9.5151e-09, -9.5151e-09, -9.5151e-09, -9.5151e-09,
         -9.5151e-09, -9.5151e-09, -9.5151e-09, -9.5151e-09, -9.5151e-09,
         -9.5151e-09, -9.5151e-09, -9.5151e-09, -9.5151e-09, -9.5151e-09,
         -9.5151e-09],
        [-9.5151e-09, -9.5151e-09, -9.5151e-09, -9.5151e-09, -9.5151e-09,
         -9.5151e-09, -9.5151e-09, -9.5151e-09, -9.5151e-09, -9.5151e-09,
         -9.5151e-09, -9.5151e-09, -9.5151e-09, -9.5151e-09, -9.5151e-09,
         -9.5151e-09, -9.5151e-09, -9.5151e-09, -9.5151e-09, -9.5151e-09,
         -9.5151e-09],
        [-9.5151e-09, -9.5151e-09, -9.5151e-09, -9.5151e-09, -9.5151e-09,
         -9.5151e-09, -9.5151e-09, -9.5151e-09, -9.5151e-09, -9.5151e-09,
         -9.5151e-09, -9.5151e-09, -9.5151e-09, -9.5151e-09, -9.5151e-09,
         -9.5151e-09, -9.5151e-09, -9.5151e-09, -9.5151e-09, -9.5151e-09,
         -9.5151e-09],
        [-9.5151e-09, -9.5151e-09, -9.5151e-09, -9.5151e-09, -9.5151e-09,
         -9.5151e-09, -9.5151e-09, -9.5151e-09, -9.5151e-09, -9.5151e-09,
         -9.5151e-09, -9.5151e-09, -9.5151e-09, -9.5151e-09, -9.5151e-09,
         -9.5151e-09, -9.5151e-09, -9.5151e-09, -9.5151e-09, -9.5151e-09,
         -9.5151e-09],
        [-9.5151e-09, -9.5151e-09, -9.5151e-09, -9.5151e-09, -9.5151e-09,
         -9.5151e-09, -9.5151e-09, -9.5151e-09, -9.5151e-09, -9.5151e-09,
         -9.5151e-09, -9.5151e-09, -9.5151e-09, -9.5151e-09, -9.5151e-09,
         -9.5151e-09, -9.5151e-09, -9.5151e-09, -9.5151e-09, -9.5151e-09,
         -9.5151e-09],
        [-9.5151e-09, -9.5151e-09, -9.5151e-09, -9.5151e-09, -9.5151e-09,
         -9.5151e-09, -9.5151e-09, -9.5151e-09, -9.5151e-09, -9.5151e-09,
         -9.5151e-09, -9.5151e-09, -9.5151e-09, -9.5151e-09, -9.5151e-09,
         -9.5151e-09, -9.5151e-09, -9.5151e-09, -9.5151e-09, -9.5151e-09,
         -9.5151e-09],
        [-9.5151e-09, -9.5151e-09, -9.5151e-09, -9.5151e-09, -9.5151e-09,
         -9.5151e-09, -9.5151e-09, -9.5151e-09, -9.5151e-09, -9.5151e-09,
         -9.5151e-09, -9.5151e-09, -9.5151e-09, -9.5151e-09, -9.5151e-09,
         -9.5151e-09, -9.5151e-09, -9.5151e-09, -9.5151e-09, -9.5151e-09,
         -9.5151e-09],
        [-9.5151e-09, -9.5151e-09, -9.5151e-09, -9.5151e-09, -9.5151e-09,
         -9.5151e-09, -9.5151e-09, -9.5151e-09, -9.5151e-09, -9.5151e-09,
         -9.5151e-09, -9.5151e-09, -9.5151e-09, -9.5151e-09, -9.5151e-09,
         -9.5151e-09, -9.5151e-09, -9.5151e-09, -9.5151e-09, -9.5151e-09,
         -9.5151e-09]])
tensor([-9.5151e-09, -9.5151e-09, -9.5151e-09, -9.5151e-09, -9.5151e-09,
        -9.5151e-09, -9.5151e-09, -9.5151e-09, -9.5151e-09, -9.5151e-09,
        -9.5151e-09, -9.5151e-09, -9.5151e-09, -9.5151e-09, -9.5151e-09,
        -9.5151e-09, -9.5151e-09, -9.5151e-09, -9.5151e-09, -9.5151e-09,
        -9.5151e-09])
layer 8
tensor([[-0.0013, -0.0013, -0.0013, -0.0013, -0.0013, -0.0013, -0.0013, -0.0013,
         -0.0013, -0.0013, -0.0013, -0.0013, -0.0013, -0.0013, -0.0013, -0.0013,
         -0.0013, -0.0013, -0.0013, -0.0013, -0.0013],
        [-0.0013, -0.0013, -0.0013, -0.0013, -0.0013, -0.0013, -0.0013, -0.0013,
         -0.0013, -0.0013, -0.0013, -0.0013, -0.0013, -0.0013, -0.0013, -0.0013,
         -0.0013, -0.0013, -0.0013, -0.0013, -0.0013],
        [-0.0013, -0.0013, -0.0013, -0.0013, -0.0013, -0.0013, -0.0013, -0.0013,
         -0.0013, -0.0013, -0.0013, -0.0013, -0.0013, -0.0013, -0.0013, -0.0013,
         -0.0013, -0.0013, -0.0013, -0.0013, -0.0013],
        [-0.0013, -0.0013, -0.0013, -0.0013, -0.0013, -0.0013, -0.0013, -0.0013,
         -0.0013, -0.0013, -0.0013, -0.0013, -0.0013, -0.0013, -0.0013, -0.0013,
         -0.0013, -0.0013, -0.0013, -0.0013, -0.0013],
        [-0.0013, -0.0013, -0.0013, -0.0013, -0.0013, -0.0013, -0.0013, -0.0013,
         -0.0013, -0.0013, -0.0013, -0.0013, -0.0013, -0.0013, -0.0013, -0.0013,
         -0.0013, -0.0013, -0.0013, -0.0013, -0.0013],
        [-0.0013, -0.0013, -0.0013, -0.0013, -0.0013, -0.0013, -0.0013, -0.0013,
         -0.0013, -0.0013, -0.0013, -0.0013, -0.0013, -0.0013, -0.0013, -0.0013,
         -0.0013, -0.0013, -0.0013, -0.0013, -0.0013],
        [-0.0013, -0.0013, -0.0013, -0.0013, -0.0013, -0.0013, -0.0013, -0.0013,
         -0.0013, -0.0013, -0.0013, -0.0013, -0.0013, -0.0013, -0.0013, -0.0013,
         -0.0013, -0.0013, -0.0013, -0.0013, -0.0013],
        [-0.0013, -0.0013, -0.0013, -0.0013, -0.0013, -0.0013, -0.0013, -0.0013,
         -0.0013, -0.0013, -0.0013, -0.0013, -0.0013, -0.0013, -0.0013, -0.0013,
         -0.0013, -0.0013, -0.0013, -0.0013, -0.0013],
        [-0.0013, -0.0013, -0.0013, -0.0013, -0.0013, -0.0013, -0.0013, -0.0013,
         -0.0013, -0.0013, -0.0013, -0.0013, -0.0013, -0.0013, -0.0013, -0.0013,
         -0.0013, -0.0013, -0.0013, -0.0013, -0.0013],
        [-0.0013, -0.0013, -0.0013, -0.0013, -0.0013, -0.0013, -0.0013, -0.0013,
         -0.0013, -0.0013, -0.0013, -0.0013, -0.0013, -0.0013, -0.0013, -0.0013,
         -0.0013, -0.0013, -0.0013, -0.0013, -0.0013],
        [-0.0013, -0.0013, -0.0013, -0.0013, -0.0013, -0.0013, -0.0013, -0.0013,
         -0.0013, -0.0013, -0.0013, -0.0013, -0.0013, -0.0013, -0.0013, -0.0013,
         -0.0013, -0.0013, -0.0013, -0.0013, -0.0013],
        [-0.0013, -0.0013, -0.0013, -0.0013, -0.0013, -0.0013, -0.0013, -0.0013,
         -0.0013, -0.0013, -0.0013, -0.0013, -0.0013, -0.0013, -0.0013, -0.0013,
         -0.0013, -0.0013, -0.0013, -0.0013, -0.0013],
        [-0.0013, -0.0013, -0.0013, -0.0013, -0.0013, -0.0013, -0.0013, -0.0013,
         -0.0013, -0.0013, -0.0013, -0.0013, -0.0013, -0.0013, -0.0013, -0.0013,
         -0.0013, -0.0013, -0.0013, -0.0013, -0.0013],
        [-0.0013, -0.0013, -0.0013, -0.0013, -0.0013, -0.0013, -0.0013, -0.0013,
         -0.0013, -0.0013, -0.0013, -0.0013, -0.0013, -0.0013, -0.0013, -0.0013,
         -0.0013, -0.0013, -0.0013, -0.0013, -0.0013],
        [-0.0013, -0.0013, -0.0013, -0.0013, -0.0013, -0.0013, -0.0013, -0.0013,
         -0.0013, -0.0013, -0.0013, -0.0013, -0.0013, -0.0013, -0.0013, -0.0013,
         -0.0013, -0.0013, -0.0013, -0.0013, -0.0013],
        [-0.0013, -0.0013, -0.0013, -0.0013, -0.0013, -0.0013, -0.0013, -0.0013,
         -0.0013, -0.0013, -0.0013, -0.0013, -0.0013, -0.0013, -0.0013, -0.0013,
         -0.0013, -0.0013, -0.0013, -0.0013, -0.0013],
        [-0.0013, -0.0013, -0.0013, -0.0013, -0.0013, -0.0013, -0.0013, -0.0013,
         -0.0013, -0.0013, -0.0013, -0.0013, -0.0013, -0.0013, -0.0013, -0.0013,
         -0.0013, -0.0013, -0.0013, -0.0013, -0.0013],
        [-0.0013, -0.0013, -0.0013, -0.0013, -0.0013, -0.0013, -0.0013, -0.0013,
         -0.0013, -0.0013, -0.0013, -0.0013, -0.0013, -0.0013, -0.0013, -0.0013,
         -0.0013, -0.0013, -0.0013, -0.0013, -0.0013],
        [-0.0013, -0.0013, -0.0013, -0.0013, -0.0013, -0.0013, -0.0013, -0.0013,
         -0.0013, -0.0013, -0.0013, -0.0013, -0.0013, -0.0013, -0.0013, -0.0013,
         -0.0013, -0.0013, -0.0013, -0.0013, -0.0013],
        [-0.0013, -0.0013, -0.0013, -0.0013, -0.0013, -0.0013, -0.0013, -0.0013,
         -0.0013, -0.0013, -0.0013, -0.0013, -0.0013, -0.0013, -0.0013, -0.0013,
         -0.0013, -0.0013, -0.0013, -0.0013, -0.0013],
        [-0.0013, -0.0013, -0.0013, -0.0013, -0.0013, -0.0013, -0.0013, -0.0013,
         -0.0013, -0.0013, -0.0013, -0.0013, -0.0013, -0.0013, -0.0013, -0.0013,
         -0.0013, -0.0013, -0.0013, -0.0013, -0.0013]])
tensor([-0.0013, -0.0013, -0.0013, -0.0013, -0.0013, -0.0013, -0.0013, -0.0013,
        -0.0013, -0.0013, -0.0013, -0.0013, -0.0013, -0.0013, -0.0013, -0.0013,
        -0.0013, -0.0013, -0.0013, -0.0013, -0.0013])
layer 9
tensor([[1.4807],
        [1.4807],
        [1.4807],
        [1.4807],
        [1.4807],
        [1.4807],
        [1.4807],
        [1.4807],
        [1.4807],
        [1.4807],
        [1.4807],
        [1.4807],
        [1.4807],
        [1.4807],
        [1.4807],
        [1.4807],
        [1.4807],
        [1.4807],
        [1.4807],
        [1.4807],
        [1.4807]])
tensor([1.4807])
