[layer 0]
tensor([[0., 0., 0., 0., 0., 0., 0., 0., 0., 0., 0., 0., 0., 0., 0., 0., 0., 0., 0., 0., 0.],
        [0., 0., 0., 0., 0., 0., 0., 0., 0., 0., 0., 0., 0., 0., 0., 0., 0., 0., 0., 0., 0.],
        [0., 0., 0., 0., 0., 0., 0., 0., 0., 0., 0., 0., 0., 0., 0., 0., 0., 0., 0., 0., 0.],
        [0., 0., 0., 0., 0., 0., 0., 0., 0., 0., 0., 0., 0., 0., 0., 0., 0., 0., 0., 0., 0.],
        [0., 0., 0., 0., 0., 0., 0., 0., 0., 0., 0., 0., 0., 0., 0., 0., 0., 0., 0., 0., 0.],
        [0., 0., 0., 0., 0., 0., 0., 0., 0., 0., 0., 0., 0., 0., 0., 0., 0., 0., 0., 0., 0.],
        [0., 0., 0., 0., 0., 0., 0., 0., 0., 0., 0., 0., 0., 0., 0., 0., 0., 0., 0., 0., 0.],
        [0., 0., 0., 0., 0., 0., 0., 0., 0., 0., 0., 0., 0., 0., 0., 0., 0., 0., 0., 0., 0.],
        [0., 0., 0., 0., 0., 0., 0., 0., 0., 0., 0., 0., 0., 0., 0., 0., 0., 0., 0., 0., 0.],
        [0., 0., 0., 0., 0., 0., 0., 0., 0., 0., 0., 0., 0., 0., 0., 0., 0., 0., 0., 0., 0.]])
tensor([0., 0., 0., 0., 0., 0., 0., 0., 0., 0., 0., 0., 0., 0., 0., 0., 0., 0., 0., 0., 0.])
[layer 1]
tensor([[0., 0., 0., 0., 0., 0., 0., 0., 0., 0., 0., 0., 0., 0., 0., 0., 0., 0., 0., 0., 0.],
        [0., 0., 0., 0., 0., 0., 0., 0., 0., 0., 0., 0., 0., 0., 0., 0., 0., 0., 0., 0., 0.],
        [0., 0., 0., 0., 0., 0., 0., 0., 0., 0., 0., 0., 0., 0., 0., 0., 0., 0., 0., 0., 0.],
        [0., 0., 0., 0., 0., 0., 0., 0., 0., 0., 0., 0., 0., 0., 0., 0., 0., 0., 0., 0., 0.],
        [0., 0., 0., 0., 0., 0., 0., 0., 0., 0., 0., 0., 0., 0., 0., 0., 0., 0., 0., 0., 0.],
        [0., 0., 0., 0., 0., 0., 0., 0., 0., 0., 0., 0., 0., 0., 0., 0., 0., 0., 0., 0., 0.],
        [0., 0., 0., 0., 0., 0., 0., 0., 0., 0., 0., 0., 0., 0., 0., 0., 0., 0., 0., 0., 0.],
        [0., 0., 0., 0., 0., 0., 0., 0., 0., 0., 0., 0., 0., 0., 0., 0., 0., 0., 0., 0., 0.],
        [0., 0., 0., 0., 0., 0., 0., 0., 0., 0., 0., 0., 0., 0., 0., 0., 0., 0., 0., 0., 0.],
        [0., 0., 0., 0., 0., 0., 0., 0., 0., 0., 0., 0., 0., 0., 0., 0., 0., 0., 0., 0., 0.],
        [0., 0., 0., 0., 0., 0., 0., 0., 0., 0., 0., 0., 0., 0., 0., 0., 0., 0., 0., 0., 0.],
        [0., 0., 0., 0., 0., 0., 0., 0., 0., 0., 0., 0., 0., 0., 0., 0., 0., 0., 0., 0., 0.],
        [0., 0., 0., 0., 0., 0., 0., 0., 0., 0., 0., 0., 0., 0., 0., 0., 0., 0., 0., 0., 0.],
        [0., 0., 0., 0., 0., 0., 0., 0., 0., 0., 0., 0., 0., 0., 0., 0., 0., 0., 0., 0., 0.],
        [0., 0., 0., 0., 0., 0., 0., 0., 0., 0., 0., 0., 0., 0., 0., 0., 0., 0., 0., 0., 0.],
        [0., 0., 0., 0., 0., 0., 0., 0., 0., 0., 0., 0., 0., 0., 0., 0., 0., 0., 0., 0., 0.],
        [0., 0., 0., 0., 0., 0., 0., 0., 0., 0., 0., 0., 0., 0., 0., 0., 0., 0., 0., 0., 0.],
        [0., 0., 0., 0., 0., 0., 0., 0., 0., 0., 0., 0., 0., 0., 0., 0., 0., 0., 0., 0., 0.],
        [0., 0., 0., 0., 0., 0., 0., 0., 0., 0., 0., 0., 0., 0., 0., 0., 0., 0., 0., 0., 0.],
        [0., 0., 0., 0., 0., 0., 0., 0., 0., 0., 0., 0., 0., 0., 0., 0., 0., 0., 0., 0., 0.],
        [0., 0., 0., 0., 0., 0., 0., 0., 0., 0., 0., 0., 0., 0., 0., 0., 0., 0., 0., 0., 0.]])
tensor([0., 0., 0., 0., 0., 0., 0., 0., 0., 0., 0., 0., 0., 0., 0., 0., 0., 0., 0., 0., 0.])
layer 2
tensor([[0., 0., 0., 0., 0., 0., 0., 0., 0., 0., 0., 0., 0., 0., 0., 0., 0., 0., 0., 0., 0.],
        [0., 0., 0., 0., 0., 0., 0., 0., 0., 0., 0., 0., 0., 0., 0., 0., 0., 0., 0., 0., 0.],
        [0., 0., 0., 0., 0., 0., 0., 0., 0., 0., 0., 0., 0., 0., 0., 0., 0., 0., 0., 0., 0.],
        [0., 0., 0., 0., 0., 0., 0., 0., 0., 0., 0., 0., 0., 0., 0., 0., 0., 0., 0., 0., 0.],
        [0., 0., 0., 0., 0., 0., 0., 0., 0., 0., 0., 0., 0., 0., 0., 0., 0., 0., 0., 0., 0.],
        [0., 0., 0., 0., 0., 0., 0., 0., 0., 0., 0., 0., 0., 0., 0., 0., 0., 0., 0., 0., 0.],
        [0., 0., 0., 0., 0., 0., 0., 0., 0., 0., 0., 0., 0., 0., 0., 0., 0., 0., 0., 0., 0.],
        [0., 0., 0., 0., 0., 0., 0., 0., 0., 0., 0., 0., 0., 0., 0., 0., 0., 0., 0., 0., 0.],
        [0., 0., 0., 0., 0., 0., 0., 0., 0., 0., 0., 0., 0., 0., 0., 0., 0., 0., 0., 0., 0.],
        [0., 0., 0., 0., 0., 0., 0., 0., 0., 0., 0., 0., 0., 0., 0., 0., 0., 0., 0., 0., 0.],
        [0., 0., 0., 0., 0., 0., 0., 0., 0., 0., 0., 0., 0., 0., 0., 0., 0., 0., 0., 0., 0.],
        [0., 0., 0., 0., 0., 0., 0., 0., 0., 0., 0., 0., 0., 0., 0., 0., 0., 0., 0., 0., 0.],
        [0., 0., 0., 0., 0., 0., 0., 0., 0., 0., 0., 0., 0., 0., 0., 0., 0., 0., 0., 0., 0.],
        [0., 0., 0., 0., 0., 0., 0., 0., 0., 0., 0., 0., 0., 0., 0., 0., 0., 0., 0., 0., 0.],
        [0., 0., 0., 0., 0., 0., 0., 0., 0., 0., 0., 0., 0., 0., 0., 0., 0., 0., 0., 0., 0.],
        [0., 0., 0., 0., 0., 0., 0., 0., 0., 0., 0., 0., 0., 0., 0., 0., 0., 0., 0., 0., 0.],
        [0., 0., 0., 0., 0., 0., 0., 0., 0., 0., 0., 0., 0., 0., 0., 0., 0., 0., 0., 0., 0.],
        [0., 0., 0., 0., 0., 0., 0., 0., 0., 0., 0., 0., 0., 0., 0., 0., 0., 0., 0., 0., 0.],
        [0., 0., 0., 0., 0., 0., 0., 0., 0., 0., 0., 0., 0., 0., 0., 0., 0., 0., 0., 0., 0.],
        [0., 0., 0., 0., 0., 0., 0., 0., 0., 0., 0., 0., 0., 0., 0., 0., 0., 0., 0., 0., 0.],
        [0., 0., 0., 0., 0., 0., 0., 0., 0., 0., 0., 0., 0., 0., 0., 0., 0., 0., 0., 0., 0.]])
tensor([0., 0., 0., 0., 0., 0., 0., 0., 0., 0., 0., 0., 0., 0., 0., 0., 0., 0., 0., 0., 0.])
layer 3
tensor([[0., 0., 0., 0., 0., 0., 0., 0., 0., 0., 0., 0., 0., 0., 0., 0., 0., 0., 0., 0., 0.],
        [0., 0., 0., 0., 0., 0., 0., 0., 0., 0., 0., 0., 0., 0., 0., 0., 0., 0., 0., 0., 0.],
        [0., 0., 0., 0., 0., 0., 0., 0., 0., 0., 0., 0., 0., 0., 0., 0., 0., 0., 0., 0., 0.],
        [0., 0., 0., 0., 0., 0., 0., 0., 0., 0., 0., 0., 0., 0., 0., 0., 0., 0., 0., 0., 0.],
        [0., 0., 0., 0., 0., 0., 0., 0., 0., 0., 0., 0., 0., 0., 0., 0., 0., 0., 0., 0., 0.],
        [0., 0., 0., 0., 0., 0., 0., 0., 0., 0., 0., 0., 0., 0., 0., 0., 0., 0., 0., 0., 0.],
        [0., 0., 0., 0., 0., 0., 0., 0., 0., 0., 0., 0., 0., 0., 0., 0., 0., 0., 0., 0., 0.],
        [0., 0., 0., 0., 0., 0., 0., 0., 0., 0., 0., 0., 0., 0., 0., 0., 0., 0., 0., 0., 0.],
        [0., 0., 0., 0., 0., 0., 0., 0., 0., 0., 0., 0., 0., 0., 0., 0., 0., 0., 0., 0., 0.],
        [0., 0., 0., 0., 0., 0., 0., 0., 0., 0., 0., 0., 0., 0., 0., 0., 0., 0., 0., 0., 0.],
        [0., 0., 0., 0., 0., 0., 0., 0., 0., 0., 0., 0., 0., 0., 0., 0., 0., 0., 0., 0., 0.],
        [0., 0., 0., 0., 0., 0., 0., 0., 0., 0., 0., 0., 0., 0., 0., 0., 0., 0., 0., 0., 0.],
        [0., 0., 0., 0., 0., 0., 0., 0., 0., 0., 0., 0., 0., 0., 0., 0., 0., 0., 0., 0., 0.],
        [0., 0., 0., 0., 0., 0., 0., 0., 0., 0., 0., 0., 0., 0., 0., 0., 0., 0., 0., 0., 0.],
        [0., 0., 0., 0., 0., 0., 0., 0., 0., 0., 0., 0., 0., 0., 0., 0., 0., 0., 0., 0., 0.],
        [0., 0., 0., 0., 0., 0., 0., 0., 0., 0., 0., 0., 0., 0., 0., 0., 0., 0., 0., 0., 0.],
        [0., 0., 0., 0., 0., 0., 0., 0., 0., 0., 0., 0., 0., 0., 0., 0., 0., 0., 0., 0., 0.],
        [0., 0., 0., 0., 0., 0., 0., 0., 0., 0., 0., 0., 0., 0., 0., 0., 0., 0., 0., 0., 0.],
        [0., 0., 0., 0., 0., 0., 0., 0., 0., 0., 0., 0., 0., 0., 0., 0., 0., 0., 0., 0., 0.],
        [0., 0., 0., 0., 0., 0., 0., 0., 0., 0., 0., 0., 0., 0., 0., 0., 0., 0., 0., 0., 0.],
        [0., 0., 0., 0., 0., 0., 0., 0., 0., 0., 0., 0., 0., 0., 0., 0., 0., 0., 0., 0., 0.]])
tensor([0., 0., 0., 0., 0., 0., 0., 0., 0., 0., 0., 0., 0., 0., 0., 0., 0., 0., 0., 0., 0.])
layer 4
tensor([[0., 0., 0., 0., 0., 0., 0., 0., 0., 0., 0., 0., 0., 0., 0., 0., 0., 0., 0., 0., 0.],
        [0., 0., 0., 0., 0., 0., 0., 0., 0., 0., 0., 0., 0., 0., 0., 0., 0., 0., 0., 0., 0.],
        [0., 0., 0., 0., 0., 0., 0., 0., 0., 0., 0., 0., 0., 0., 0., 0., 0., 0., 0., 0., 0.],
        [0., 0., 0., 0., 0., 0., 0., 0., 0., 0., 0., 0., 0., 0., 0., 0., 0., 0., 0., 0., 0.],
        [0., 0., 0., 0., 0., 0., 0., 0., 0., 0., 0., 0., 0., 0., 0., 0., 0., 0., 0., 0., 0.],
        [0., 0., 0., 0., 0., 0., 0., 0., 0., 0., 0., 0., 0., 0., 0., 0., 0., 0., 0., 0., 0.],
        [0., 0., 0., 0., 0., 0., 0., 0., 0., 0., 0., 0., 0., 0., 0., 0., 0., 0., 0., 0., 0.],
        [0., 0., 0., 0., 0., 0., 0., 0., 0., 0., 0., 0., 0., 0., 0., 0., 0., 0., 0., 0., 0.],
        [0., 0., 0., 0., 0., 0., 0., 0., 0., 0., 0., 0., 0., 0., 0., 0., 0., 0., 0., 0., 0.],
        [0., 0., 0., 0., 0., 0., 0., 0., 0., 0., 0., 0., 0., 0., 0., 0., 0., 0., 0., 0., 0.],
        [0., 0., 0., 0., 0., 0., 0., 0., 0., 0., 0., 0., 0., 0., 0., 0., 0., 0., 0., 0., 0.],
        [0., 0., 0., 0., 0., 0., 0., 0., 0., 0., 0., 0., 0., 0., 0., 0., 0., 0., 0., 0., 0.],
        [0., 0., 0., 0., 0., 0., 0., 0., 0., 0., 0., 0., 0., 0., 0., 0., 0., 0., 0., 0., 0.],
        [0., 0., 0., 0., 0., 0., 0., 0., 0., 0., 0., 0., 0., 0., 0., 0., 0., 0., 0., 0., 0.],
        [0., 0., 0., 0., 0., 0., 0., 0., 0., 0., 0., 0., 0., 0., 0., 0., 0., 0., 0., 0., 0.],
        [0., 0., 0., 0., 0., 0., 0., 0., 0., 0., 0., 0., 0., 0., 0., 0., 0., 0., 0., 0., 0.],
        [0., 0., 0., 0., 0., 0., 0., 0., 0., 0., 0., 0., 0., 0., 0., 0., 0., 0., 0., 0., 0.],
        [0., 0., 0., 0., 0., 0., 0., 0., 0., 0., 0., 0., 0., 0., 0., 0., 0., 0., 0., 0., 0.],
        [0., 0., 0., 0., 0., 0., 0., 0., 0., 0., 0., 0., 0., 0., 0., 0., 0., 0., 0., 0., 0.],
        [0., 0., 0., 0., 0., 0., 0., 0., 0., 0., 0., 0., 0., 0., 0., 0., 0., 0., 0., 0., 0.],
        [0., 0., 0., 0., 0., 0., 0., 0., 0., 0., 0., 0., 0., 0., 0., 0., 0., 0., 0., 0., 0.]])
tensor([0., 0., 0., 0., 0., 0., 0., 0., 0., 0., 0., 0., 0., 0., 0., 0., 0., 0., 0., 0., 0.])
[layer 5]
tensor([[0., 0., 0., 0., 0., 0., 0., 0., 0., 0., 0., 0., 0., 0., 0., 0., 0., 0., 0., 0., 0.],
        [0., 0., 0., 0., 0., 0., 0., 0., 0., 0., 0., 0., 0., 0., 0., 0., 0., 0., 0., 0., 0.],
        [0., 0., 0., 0., 0., 0., 0., 0., 0., 0., 0., 0., 0., 0., 0., 0., 0., 0., 0., 0., 0.],
        [0., 0., 0., 0., 0., 0., 0., 0., 0., 0., 0., 0., 0., 0., 0., 0., 0., 0., 0., 0., 0.],
        [0., 0., 0., 0., 0., 0., 0., 0., 0., 0., 0., 0., 0., 0., 0., 0., 0., 0., 0., 0., 0.],
        [0., 0., 0., 0., 0., 0., 0., 0., 0., 0., 0., 0., 0., 0., 0., 0., 0., 0., 0., 0., 0.],
        [0., 0., 0., 0., 0., 0., 0., 0., 0., 0., 0., 0., 0., 0., 0., 0., 0., 0., 0., 0., 0.],
        [0., 0., 0., 0., 0., 0., 0., 0., 0., 0., 0., 0., 0., 0., 0., 0., 0., 0., 0., 0., 0.],
        [0., 0., 0., 0., 0., 0., 0., 0., 0., 0., 0., 0., 0., 0., 0., 0., 0., 0., 0., 0., 0.],
        [0., 0., 0., 0., 0., 0., 0., 0., 0., 0., 0., 0., 0., 0., 0., 0., 0., 0., 0., 0., 0.],
        [0., 0., 0., 0., 0., 0., 0., 0., 0., 0., 0., 0., 0., 0., 0., 0., 0., 0., 0., 0., 0.],
        [0., 0., 0., 0., 0., 0., 0., 0., 0., 0., 0., 0., 0., 0., 0., 0., 0., 0., 0., 0., 0.],
        [0., 0., 0., 0., 0., 0., 0., 0., 0., 0., 0., 0., 0., 0., 0., 0., 0., 0., 0., 0., 0.],
        [0., 0., 0., 0., 0., 0., 0., 0., 0., 0., 0., 0., 0., 0., 0., 0., 0., 0., 0., 0., 0.],
        [0., 0., 0., 0., 0., 0., 0., 0., 0., 0., 0., 0., 0., 0., 0., 0., 0., 0., 0., 0., 0.],
        [0., 0., 0., 0., 0., 0., 0., 0., 0., 0., 0., 0., 0., 0., 0., 0., 0., 0., 0., 0., 0.],
        [0., 0., 0., 0., 0., 0., 0., 0., 0., 0., 0., 0., 0., 0., 0., 0., 0., 0., 0., 0., 0.],
        [0., 0., 0., 0., 0., 0., 0., 0., 0., 0., 0., 0., 0., 0., 0., 0., 0., 0., 0., 0., 0.],
        [0., 0., 0., 0., 0., 0., 0., 0., 0., 0., 0., 0., 0., 0., 0., 0., 0., 0., 0., 0., 0.],
        [0., 0., 0., 0., 0., 0., 0., 0., 0., 0., 0., 0., 0., 0., 0., 0., 0., 0., 0., 0., 0.],
        [0., 0., 0., 0., 0., 0., 0., 0., 0., 0., 0., 0., 0., 0., 0., 0., 0., 0., 0., 0., 0.]])
tensor([0., 0., 0., 0., 0., 0., 0., 0., 0., 0., 0., 0., 0., 0., 0., 0., 0., 0., 0., 0., 0.])
[layer 6]
tensor([[-6.5604e-21, -6.5604e-21, -6.5604e-21, -6.5604e-21, -6.5604e-21,
         -6.5604e-21, -6.5604e-21, -6.5604e-21, -6.5604e-21, -6.5604e-21,
         -6.5604e-21, -6.5604e-21, -6.5604e-21, -6.5604e-21, -6.5604e-21,
         -6.5604e-21, -6.5604e-21, -6.5604e-21, -6.5604e-21, -6.5604e-21,
         -6.5604e-21],
        [-6.5604e-21, -6.5604e-21, -6.5604e-21, -6.5604e-21, -6.5604e-21,
         -6.5604e-21, -6.5604e-21, -6.5604e-21, -6.5604e-21, -6.5604e-21,
         -6.5604e-21, -6.5604e-21, -6.5604e-21, -6.5604e-21, -6.5604e-21,
         -6.5604e-21, -6.5604e-21, -6.5604e-21, -6.5604e-21, -6.5604e-21,
         -6.5604e-21],
        [-6.5604e-21, -6.5604e-21, -6.5604e-21, -6.5604e-21, -6.5604e-21,
         -6.5604e-21, -6.5604e-21, -6.5604e-21, -6.5604e-21, -6.5604e-21,
         -6.5604e-21, -6.5604e-21, -6.5604e-21, -6.5604e-21, -6.5604e-21,
         -6.5604e-21, -6.5604e-21, -6.5604e-21, -6.5604e-21, -6.5604e-21,
         -6.5604e-21],
        [-6.5604e-21, -6.5604e-21, -6.5604e-21, -6.5604e-21, -6.5604e-21,
         -6.5604e-21, -6.5604e-21, -6.5604e-21, -6.5604e-21, -6.5604e-21,
         -6.5604e-21, -6.5604e-21, -6.5604e-21, -6.5604e-21, -6.5604e-21,
         -6.5604e-21, -6.5604e-21, -6.5604e-21, -6.5604e-21, -6.5604e-21,
         -6.5604e-21],
        [-6.5604e-21, -6.5604e-21, -6.5604e-21, -6.5604e-21, -6.5604e-21,
         -6.5604e-21, -6.5604e-21, -6.5604e-21, -6.5604e-21, -6.5604e-21,
         -6.5604e-21, -6.5604e-21, -6.5604e-21, -6.5604e-21, -6.5604e-21,
         -6.5604e-21, -6.5604e-21, -6.5604e-21, -6.5604e-21, -6.5604e-21,
         -6.5604e-21],
        [-6.5604e-21, -6.5604e-21, -6.5604e-21, -6.5604e-21, -6.5604e-21,
         -6.5604e-21, -6.5604e-21, -6.5604e-21, -6.5604e-21, -6.5604e-21,
         -6.5604e-21, -6.5604e-21, -6.5604e-21, -6.5604e-21, -6.5604e-21,
         -6.5604e-21, -6.5604e-21, -6.5604e-21, -6.5604e-21, -6.5604e-21,
         -6.5604e-21],
        [-6.5604e-21, -6.5604e-21, -6.5604e-21, -6.5604e-21, -6.5604e-21,
         -6.5604e-21, -6.5604e-21, -6.5604e-21, -6.5604e-21, -6.5604e-21,
         -6.5604e-21, -6.5604e-21, -6.5604e-21, -6.5604e-21, -6.5604e-21,
         -6.5604e-21, -6.5604e-21, -6.5604e-21, -6.5604e-21, -6.5604e-21,
         -6.5604e-21],
        [-6.5604e-21, -6.5604e-21, -6.5604e-21, -6.5604e-21, -6.5604e-21,
         -6.5604e-21, -6.5604e-21, -6.5604e-21, -6.5604e-21, -6.5604e-21,
         -6.5604e-21, -6.5604e-21, -6.5604e-21, -6.5604e-21, -6.5604e-21,
         -6.5604e-21, -6.5604e-21, -6.5604e-21, -6.5604e-21, -6.5604e-21,
         -6.5604e-21],
        [-6.5604e-21, -6.5604e-21, -6.5604e-21, -6.5604e-21, -6.5604e-21,
         -6.5604e-21, -6.5604e-21, -6.5604e-21, -6.5604e-21, -6.5604e-21,
         -6.5604e-21, -6.5604e-21, -6.5604e-21, -6.5604e-21, -6.5604e-21,
         -6.5604e-21, -6.5604e-21, -6.5604e-21, -6.5604e-21, -6.5604e-21,
         -6.5604e-21],
        [-6.5604e-21, -6.5604e-21, -6.5604e-21, -6.5604e-21, -6.5604e-21,
         -6.5604e-21, -6.5604e-21, -6.5604e-21, -6.5604e-21, -6.5604e-21,
         -6.5604e-21, -6.5604e-21, -6.5604e-21, -6.5604e-21, -6.5604e-21,
         -6.5604e-21, -6.5604e-21, -6.5604e-21, -6.5604e-21, -6.5604e-21,
         -6.5604e-21],
        [-6.5604e-21, -6.5604e-21, -6.5604e-21, -6.5604e-21, -6.5604e-21,
         -6.5604e-21, -6.5604e-21, -6.5604e-21, -6.5604e-21, -6.5604e-21,
         -6.5604e-21, -6.5604e-21, -6.5604e-21, -6.5604e-21, -6.5604e-21,
         -6.5604e-21, -6.5604e-21, -6.5604e-21, -6.5604e-21, -6.5604e-21,
         -6.5604e-21],
        [-6.5604e-21, -6.5604e-21, -6.5604e-21, -6.5604e-21, -6.5604e-21,
         -6.5604e-21, -6.5604e-21, -6.5604e-21, -6.5604e-21, -6.5604e-21,
         -6.5604e-21, -6.5604e-21, -6.5604e-21, -6.5604e-21, -6.5604e-21,
         -6.5604e-21, -6.5604e-21, -6.5604e-21, -6.5604e-21, -6.5604e-21,
         -6.5604e-21],
        [-6.5604e-21, -6.5604e-21, -6.5604e-21, -6.5604e-21, -6.5604e-21,
         -6.5604e-21, -6.5604e-21, -6.5604e-21, -6.5604e-21, -6.5604e-21,
         -6.5604e-21, -6.5604e-21, -6.5604e-21, -6.5604e-21, -6.5604e-21,
         -6.5604e-21, -6.5604e-21, -6.5604e-21, -6.5604e-21, -6.5604e-21,
         -6.5604e-21],
        [-6.5604e-21, -6.5604e-21, -6.5604e-21, -6.5604e-21, -6.5604e-21,
         -6.5604e-21, -6.5604e-21, -6.5604e-21, -6.5604e-21, -6.5604e-21,
         -6.5604e-21, -6.5604e-21, -6.5604e-21, -6.5604e-21, -6.5604e-21,
         -6.5604e-21, -6.5604e-21, -6.5604e-21, -6.5604e-21, -6.5604e-21,
         -6.5604e-21],
        [-6.5604e-21, -6.5604e-21, -6.5604e-21, -6.5604e-21, -6.5604e-21,
         -6.5604e-21, -6.5604e-21, -6.5604e-21, -6.5604e-21, -6.5604e-21,
         -6.5604e-21, -6.5604e-21, -6.5604e-21, -6.5604e-21, -6.5604e-21,
         -6.5604e-21, -6.5604e-21, -6.5604e-21, -6.5604e-21, -6.5604e-21,
         -6.5604e-21],
        [-6.5604e-21, -6.5604e-21, -6.5604e-21, -6.5604e-21, -6.5604e-21,
         -6.5604e-21, -6.5604e-21, -6.5604e-21, -6.5604e-21, -6.5604e-21,
         -6.5604e-21, -6.5604e-21, -6.5604e-21, -6.5604e-21, -6.5604e-21,
         -6.5604e-21, -6.5604e-21, -6.5604e-21, -6.5604e-21, -6.5604e-21,
         -6.5604e-21],
        [-6.5604e-21, -6.5604e-21, -6.5604e-21, -6.5604e-21, -6.5604e-21,
         -6.5604e-21, -6.5604e-21, -6.5604e-21, -6.5604e-21, -6.5604e-21,
         -6.5604e-21, -6.5604e-21, -6.5604e-21, -6.5604e-21, -6.5604e-21,
         -6.5604e-21, -6.5604e-21, -6.5604e-21, -6.5604e-21, -6.5604e-21,
         -6.5604e-21],
        [-6.5604e-21, -6.5604e-21, -6.5604e-21, -6.5604e-21, -6.5604e-21,
         -6.5604e-21, -6.5604e-21, -6.5604e-21, -6.5604e-21, -6.5604e-21,
         -6.5604e-21, -6.5604e-21, -6.5604e-21, -6.5604e-21, -6.5604e-21,
         -6.5604e-21, -6.5604e-21, -6.5604e-21, -6.5604e-21, -6.5604e-21,
         -6.5604e-21],
        [-6.5604e-21, -6.5604e-21, -6.5604e-21, -6.5604e-21, -6.5604e-21,
         -6.5604e-21, -6.5604e-21, -6.5604e-21, -6.5604e-21, -6.5604e-21,
         -6.5604e-21, -6.5604e-21, -6.5604e-21, -6.5604e-21, -6.5604e-21,
         -6.5604e-21, -6.5604e-21, -6.5604e-21, -6.5604e-21, -6.5604e-21,
         -6.5604e-21],
        [-6.5604e-21, -6.5604e-21, -6.5604e-21, -6.5604e-21, -6.5604e-21,
         -6.5604e-21, -6.5604e-21, -6.5604e-21, -6.5604e-21, -6.5604e-21,
         -6.5604e-21, -6.5604e-21, -6.5604e-21, -6.5604e-21, -6.5604e-21,
         -6.5604e-21, -6.5604e-21, -6.5604e-21, -6.5604e-21, -6.5604e-21,
         -6.5604e-21],
        [-6.5604e-21, -6.5604e-21, -6.5604e-21, -6.5604e-21, -6.5604e-21,
         -6.5604e-21, -6.5604e-21, -6.5604e-21, -6.5604e-21, -6.5604e-21,
         -6.5604e-21, -6.5604e-21, -6.5604e-21, -6.5604e-21, -6.5604e-21,
         -6.5604e-21, -6.5604e-21, -6.5604e-21, -6.5604e-21, -6.5604e-21,
         -6.5604e-21]])
tensor([-6.5604e-21, -6.5604e-21, -6.5604e-21, -6.5604e-21, -6.5604e-21,
        -6.5604e-21, -6.5604e-21, -6.5604e-21, -6.5604e-21, -6.5604e-21,
        -6.5604e-21, -6.5604e-21, -6.5604e-21, -6.5604e-21, -6.5604e-21,
        -6.5604e-21, -6.5604e-21, -6.5604e-21, -6.5604e-21, -6.5604e-21,
        -6.5604e-21])
layer 7
tensor([[-2.5938e-09, -2.5938e-09, -2.5938e-09, -2.5938e-09, -2.5938e-09,
         -2.5938e-09, -2.5938e-09, -2.5938e-09, -2.5938e-09, -2.5938e-09,
         -2.5938e-09, -2.5938e-09, -2.5938e-09, -2.5938e-09, -2.5938e-09,
         -2.5938e-09, -2.5938e-09, -2.5938e-09, -2.5938e-09, -2.5938e-09,
         -2.5938e-09],
        [-2.5938e-09, -2.5938e-09, -2.5938e-09, -2.5938e-09, -2.5938e-09,
         -2.5938e-09, -2.5938e-09, -2.5938e-09, -2.5938e-09, -2.5938e-09,
         -2.5938e-09, -2.5938e-09, -2.5938e-09, -2.5938e-09, -2.5938e-09,
         -2.5938e-09, -2.5938e-09, -2.5938e-09, -2.5938e-09, -2.5938e-09,
         -2.5938e-09],
        [-2.5938e-09, -2.5938e-09, -2.5938e-09, -2.5938e-09, -2.5938e-09,
         -2.5938e-09, -2.5938e-09, -2.5938e-09, -2.5938e-09, -2.5938e-09,
         -2.5938e-09, -2.5938e-09, -2.5938e-09, -2.5938e-09, -2.5938e-09,
         -2.5938e-09, -2.5938e-09, -2.5938e-09, -2.5938e-09, -2.5938e-09,
         -2.5938e-09],
        [-2.5938e-09, -2.5938e-09, -2.5938e-09, -2.5938e-09, -2.5938e-09,
         -2.5938e-09, -2.5938e-09, -2.5938e-09, -2.5938e-09, -2.5938e-09,
         -2.5938e-09, -2.5938e-09, -2.5938e-09, -2.5938e-09, -2.5938e-09,
         -2.5938e-09, -2.5938e-09, -2.5938e-09, -2.5938e-09, -2.5938e-09,
         -2.5938e-09],
        [-2.5938e-09, -2.5938e-09, -2.5938e-09, -2.5938e-09, -2.5938e-09,
         -2.5938e-09, -2.5938e-09, -2.5938e-09, -2.5938e-09, -2.5938e-09,
         -2.5938e-09, -2.5938e-09, -2.5938e-09, -2.5938e-09, -2.5938e-09,
         -2.5938e-09, -2.5938e-09, -2.5938e-09, -2.5938e-09, -2.5938e-09,
         -2.5938e-09],
        [-2.5938e-09, -2.5938e-09, -2.5938e-09, -2.5938e-09, -2.5938e-09,
         -2.5938e-09, -2.5938e-09, -2.5938e-09, -2.5938e-09, -2.5938e-09,
         -2.5938e-09, -2.5938e-09, -2.5938e-09, -2.5938e-09, -2.5938e-09,
         -2.5938e-09, -2.5938e-09, -2.5938e-09, -2.5938e-09, -2.5938e-09,
         -2.5938e-09],
        [-2.5938e-09, -2.5938e-09, -2.5938e-09, -2.5938e-09, -2.5938e-09,
         -2.5938e-09, -2.5938e-09, -2.5938e-09, -2.5938e-09, -2.5938e-09,
         -2.5938e-09, -2.5938e-09, -2.5938e-09, -2.5938e-09, -2.5938e-09,
         -2.5938e-09, -2.5938e-09, -2.5938e-09, -2.5938e-09, -2.5938e-09,
         -2.5938e-09],
        [-2.5938e-09, -2.5938e-09, -2.5938e-09, -2.5938e-09, -2.5938e-09,
         -2.5938e-09, -2.5938e-09, -2.5938e-09, -2.5938e-09, -2.5938e-09,
         -2.5938e-09, -2.5938e-09, -2.5938e-09, -2.5938e-09, -2.5938e-09,
         -2.5938e-09, -2.5938e-09, -2.5938e-09, -2.5938e-09, -2.5938e-09,
         -2.5938e-09],
        [-2.5938e-09, -2.5938e-09, -2.5938e-09, -2.5938e-09, -2.5938e-09,
         -2.5938e-09, -2.5938e-09, -2.5938e-09, -2.5938e-09, -2.5938e-09,
         -2.5938e-09, -2.5938e-09, -2.5938e-09, -2.5938e-09, -2.5938e-09,
         -2.5938e-09, -2.5938e-09, -2.5938e-09, -2.5938e-09, -2.5938e-09,
         -2.5938e-09],
        [-2.5938e-09, -2.5938e-09, -2.5938e-09, -2.5938e-09, -2.5938e-09,
         -2.5938e-09, -2.5938e-09, -2.5938e-09, -2.5938e-09, -2.5938e-09,
         -2.5938e-09, -2.5938e-09, -2.5938e-09, -2.5938e-09, -2.5938e-09,
         -2.5938e-09, -2.5938e-09, -2.5938e-09, -2.5938e-09, -2.5938e-09,
         -2.5938e-09],
        [-2.5938e-09, -2.5938e-09, -2.5938e-09, -2.5938e-09, -2.5938e-09,
         -2.5938e-09, -2.5938e-09, -2.5938e-09, -2.5938e-09, -2.5938e-09,
         -2.5938e-09, -2.5938e-09, -2.5938e-09, -2.5938e-09, -2.5938e-09,
         -2.5938e-09, -2.5938e-09, -2.5938e-09, -2.5938e-09, -2.5938e-09,
         -2.5938e-09],
        [-2.5938e-09, -2.5938e-09, -2.5938e-09, -2.5938e-09, -2.5938e-09,
         -2.5938e-09, -2.5938e-09, -2.5938e-09, -2.5938e-09, -2.5938e-09,
         -2.5938e-09, -2.5938e-09, -2.5938e-09, -2.5938e-09, -2.5938e-09,
         -2.5938e-09, -2.5938e-09, -2.5938e-09, -2.5938e-09, -2.5938e-09,
         -2.5938e-09],
        [-2.5938e-09, -2.5938e-09, -2.5938e-09, -2.5938e-09, -2.5938e-09,
         -2.5938e-09, -2.5938e-09, -2.5938e-09, -2.5938e-09, -2.5938e-09,
         -2.5938e-09, -2.5938e-09, -2.5938e-09, -2.5938e-09, -2.5938e-09,
         -2.5938e-09, -2.5938e-09, -2.5938e-09, -2.5938e-09, -2.5938e-09,
         -2.5938e-09],
        [-2.5938e-09, -2.5938e-09, -2.5938e-09, -2.5938e-09, -2.5938e-09,
         -2.5938e-09, -2.5938e-09, -2.5938e-09, -2.5938e-09, -2.5938e-09,
         -2.5938e-09, -2.5938e-09, -2.5938e-09, -2.5938e-09, -2.5938e-09,
         -2.5938e-09, -2.5938e-09, -2.5938e-09, -2.5938e-09, -2.5938e-09,
         -2.5938e-09],
        [-2.5938e-09, -2.5938e-09, -2.5938e-09, -2.5938e-09, -2.5938e-09,
         -2.5938e-09, -2.5938e-09, -2.5938e-09, -2.5938e-09, -2.5938e-09,
         -2.5938e-09, -2.5938e-09, -2.5938e-09, -2.5938e-09, -2.5938e-09,
         -2.5938e-09, -2.5938e-09, -2.5938e-09, -2.5938e-09, -2.5938e-09,
         -2.5938e-09],
        [-2.5938e-09, -2.5938e-09, -2.5938e-09, -2.5938e-09, -2.5938e-09,
         -2.5938e-09, -2.5938e-09, -2.5938e-09, -2.5938e-09, -2.5938e-09,
         -2.5938e-09, -2.5938e-09, -2.5938e-09, -2.5938e-09, -2.5938e-09,
         -2.5938e-09, -2.5938e-09, -2.5938e-09, -2.5938e-09, -2.5938e-09,
         -2.5938e-09],
        [-2.5938e-09, -2.5938e-09, -2.5938e-09, -2.5938e-09, -2.5938e-09,
         -2.5938e-09, -2.5938e-09, -2.5938e-09, -2.5938e-09, -2.5938e-09,
         -2.5938e-09, -2.5938e-09, -2.5938e-09, -2.5938e-09, -2.5938e-09,
         -2.5938e-09, -2.5938e-09, -2.5938e-09, -2.5938e-09, -2.5938e-09,
         -2.5938e-09],
        [-2.5938e-09, -2.5938e-09, -2.5938e-09, -2.5938e-09, -2.5938e-09,
         -2.5938e-09, -2.5938e-09, -2.5938e-09, -2.5938e-09, -2.5938e-09,
         -2.5938e-09, -2.5938e-09, -2.5938e-09, -2.5938e-09, -2.5938e-09,
         -2.5938e-09, -2.5938e-09, -2.5938e-09, -2.5938e-09, -2.5938e-09,
         -2.5938e-09],
        [-2.5938e-09, -2.5938e-09, -2.5938e-09, -2.5938e-09, -2.5938e-09,
         -2.5938e-09, -2.5938e-09, -2.5938e-09, -2.5938e-09, -2.5938e-09,
         -2.5938e-09, -2.5938e-09, -2.5938e-09, -2.5938e-09, -2.5938e-09,
         -2.5938e-09, -2.5938e-09, -2.5938e-09, -2.5938e-09, -2.5938e-09,
         -2.5938e-09],
        [-2.5938e-09, -2.5938e-09, -2.5938e-09, -2.5938e-09, -2.5938e-09,
         -2.5938e-09, -2.5938e-09, -2.5938e-09, -2.5938e-09, -2.5938e-09,
         -2.5938e-09, -2.5938e-09, -2.5938e-09, -2.5938e-09, -2.5938e-09,
         -2.5938e-09, -2.5938e-09, -2.5938e-09, -2.5938e-09, -2.5938e-09,
         -2.5938e-09],
        [-2.5938e-09, -2.5938e-09, -2.5938e-09, -2.5938e-09, -2.5938e-09,
         -2.5938e-09, -2.5938e-09, -2.5938e-09, -2.5938e-09, -2.5938e-09,
         -2.5938e-09, -2.5938e-09, -2.5938e-09, -2.5938e-09, -2.5938e-09,
         -2.5938e-09, -2.5938e-09, -2.5938e-09, -2.5938e-09, -2.5938e-09,
         -2.5938e-09]])
tensor([-2.5938e-09, -2.5938e-09, -2.5938e-09, -2.5938e-09, -2.5938e-09,
        -2.5938e-09, -2.5938e-09, -2.5938e-09, -2.5938e-09, -2.5938e-09,
        -2.5938e-09, -2.5938e-09, -2.5938e-09, -2.5938e-09, -2.5938e-09,
        -2.5938e-09, -2.5938e-09, -2.5938e-09, -2.5938e-09, -2.5938e-09,
        -2.5938e-09])
layer 8
tensor([[-0.0009, -0.0009, -0.0009, -0.0009, -0.0009, -0.0009, -0.0009, -0.0009,
         -0.0009, -0.0009, -0.0009, -0.0009, -0.0009, -0.0009, -0.0009, -0.0009,
         -0.0009, -0.0009, -0.0009, -0.0009, -0.0009],
        [-0.0009, -0.0009, -0.0009, -0.0009, -0.0009, -0.0009, -0.0009, -0.0009,
         -0.0009, -0.0009, -0.0009, -0.0009, -0.0009, -0.0009, -0.0009, -0.0009,
         -0.0009, -0.0009, -0.0009, -0.0009, -0.0009],
        [-0.0009, -0.0009, -0.0009, -0.0009, -0.0009, -0.0009, -0.0009, -0.0009,
         -0.0009, -0.0009, -0.0009, -0.0009, -0.0009, -0.0009, -0.0009, -0.0009,
         -0.0009, -0.0009, -0.0009, -0.0009, -0.0009],
        [-0.0009, -0.0009, -0.0009, -0.0009, -0.0009, -0.0009, -0.0009, -0.0009,
         -0.0009, -0.0009, -0.0009, -0.0009, -0.0009, -0.0009, -0.0009, -0.0009,
         -0.0009, -0.0009, -0.0009, -0.0009, -0.0009],
        [-0.0009, -0.0009, -0.0009, -0.0009, -0.0009, -0.0009, -0.0009, -0.0009,
         -0.0009, -0.0009, -0.0009, -0.0009, -0.0009, -0.0009, -0.0009, -0.0009,
         -0.0009, -0.0009, -0.0009, -0.0009, -0.0009],
        [-0.0009, -0.0009, -0.0009, -0.0009, -0.0009, -0.0009, -0.0009, -0.0009,
         -0.0009, -0.0009, -0.0009, -0.0009, -0.0009, -0.0009, -0.0009, -0.0009,
         -0.0009, -0.0009, -0.0009, -0.0009, -0.0009],
        [-0.0009, -0.0009, -0.0009, -0.0009, -0.0009, -0.0009, -0.0009, -0.0009,
         -0.0009, -0.0009, -0.0009, -0.0009, -0.0009, -0.0009, -0.0009, -0.0009,
         -0.0009, -0.0009, -0.0009, -0.0009, -0.0009],
        [-0.0009, -0.0009, -0.0009, -0.0009, -0.0009, -0.0009, -0.0009, -0.0009,
         -0.0009, -0.0009, -0.0009, -0.0009, -0.0009, -0.0009, -0.0009, -0.0009,
         -0.0009, -0.0009, -0.0009, -0.0009, -0.0009],
        [-0.0009, -0.0009, -0.0009, -0.0009, -0.0009, -0.0009, -0.0009, -0.0009,
         -0.0009, -0.0009, -0.0009, -0.0009, -0.0009, -0.0009, -0.0009, -0.0009,
         -0.0009, -0.0009, -0.0009, -0.0009, -0.0009],
        [-0.0009, -0.0009, -0.0009, -0.0009, -0.0009, -0.0009, -0.0009, -0.0009,
         -0.0009, -0.0009, -0.0009, -0.0009, -0.0009, -0.0009, -0.0009, -0.0009,
         -0.0009, -0.0009, -0.0009, -0.0009, -0.0009],
        [-0.0009, -0.0009, -0.0009, -0.0009, -0.0009, -0.0009, -0.0009, -0.0009,
         -0.0009, -0.0009, -0.0009, -0.0009, -0.0009, -0.0009, -0.0009, -0.0009,
         -0.0009, -0.0009, -0.0009, -0.0009, -0.0009],
        [-0.0009, -0.0009, -0.0009, -0.0009, -0.0009, -0.0009, -0.0009, -0.0009,
         -0.0009, -0.0009, -0.0009, -0.0009, -0.0009, -0.0009, -0.0009, -0.0009,
         -0.0009, -0.0009, -0.0009, -0.0009, -0.0009],
        [-0.0009, -0.0009, -0.0009, -0.0009, -0.0009, -0.0009, -0.0009, -0.0009,
         -0.0009, -0.0009, -0.0009, -0.0009, -0.0009, -0.0009, -0.0009, -0.0009,
         -0.0009, -0.0009, -0.0009, -0.0009, -0.0009],
        [-0.0009, -0.0009, -0.0009, -0.0009, -0.0009, -0.0009, -0.0009, -0.0009,
         -0.0009, -0.0009, -0.0009, -0.0009, -0.0009, -0.0009, -0.0009, -0.0009,
         -0.0009, -0.0009, -0.0009, -0.0009, -0.0009],
        [-0.0009, -0.0009, -0.0009, -0.0009, -0.0009, -0.0009, -0.0009, -0.0009,
         -0.0009, -0.0009, -0.0009, -0.0009, -0.0009, -0.0009, -0.0009, -0.0009,
         -0.0009, -0.0009, -0.0009, -0.0009, -0.0009],
        [-0.0009, -0.0009, -0.0009, -0.0009, -0.0009, -0.0009, -0.0009, -0.0009,
         -0.0009, -0.0009, -0.0009, -0.0009, -0.0009, -0.0009, -0.0009, -0.0009,
         -0.0009, -0.0009, -0.0009, -0.0009, -0.0009],
        [-0.0009, -0.0009, -0.0009, -0.0009, -0.0009, -0.0009, -0.0009, -0.0009,
         -0.0009, -0.0009, -0.0009, -0.0009, -0.0009, -0.0009, -0.0009, -0.0009,
         -0.0009, -0.0009, -0.0009, -0.0009, -0.0009],
        [-0.0009, -0.0009, -0.0009, -0.0009, -0.0009, -0.0009, -0.0009, -0.0009,
         -0.0009, -0.0009, -0.0009, -0.0009, -0.0009, -0.0009, -0.0009, -0.0009,
         -0.0009, -0.0009, -0.0009, -0.0009, -0.0009],
        [-0.0009, -0.0009, -0.0009, -0.0009, -0.0009, -0.0009, -0.0009, -0.0009,
         -0.0009, -0.0009, -0.0009, -0.0009, -0.0009, -0.0009, -0.0009, -0.0009,
         -0.0009, -0.0009, -0.0009, -0.0009, -0.0009],
        [-0.0009, -0.0009, -0.0009, -0.0009, -0.0009, -0.0009, -0.0009, -0.0009,
         -0.0009, -0.0009, -0.0009, -0.0009, -0.0009, -0.0009, -0.0009, -0.0009,
         -0.0009, -0.0009, -0.0009, -0.0009, -0.0009],
        [-0.0009, -0.0009, -0.0009, -0.0009, -0.0009, -0.0009, -0.0009, -0.0009,
         -0.0009, -0.0009, -0.0009, -0.0009, -0.0009, -0.0009, -0.0009, -0.0009,
         -0.0009, -0.0009, -0.0009, -0.0009, -0.0009]])
tensor([-0.0009, -0.0009, -0.0009, -0.0009, -0.0009, -0.0009, -0.0009, -0.0009,
        -0.0009, -0.0009, -0.0009, -0.0009, -0.0009, -0.0009, -0.0009, -0.0009,
        -0.0009, -0.0009, -0.0009, -0.0009, -0.0009])
layer 9
tensor([[1.4938],
        [1.4938],
        [1.4938],
        [1.4938],
        [1.4938],
        [1.4938],
        [1.4938],
        [1.4938],
        [1.4938],
        [1.4938],
        [1.4938],
        [1.4938],
        [1.4938],
        [1.4938],
        [1.4938],
        [1.4938],
        [1.4938],
        [1.4938],
        [1.4938],
        [1.4938],
        [1.4938]])
tensor([1.4938])
