[layer 0]
tensor([[0., 0., 0., 0., 0., 0., 0., 0., 0., 0., 0., 0., 0., 0., 0., 0., 0., 0., 0., 0., 0.],
        [0., 0., 0., 0., 0., 0., 0., 0., 0., 0., 0., 0., 0., 0., 0., 0., 0., 0., 0., 0., 0.],
        [0., 0., 0., 0., 0., 0., 0., 0., 0., 0., 0., 0., 0., 0., 0., 0., 0., 0., 0., 0., 0.],
        [0., 0., 0., 0., 0., 0., 0., 0., 0., 0., 0., 0., 0., 0., 0., 0., 0., 0., 0., 0., 0.],
        [0., 0., 0., 0., 0., 0., 0., 0., 0., 0., 0., 0., 0., 0., 0., 0., 0., 0., 0., 0., 0.],
        [0., 0., 0., 0., 0., 0., 0., 0., 0., 0., 0., 0., 0., 0., 0., 0., 0., 0., 0., 0., 0.],
        [0., 0., 0., 0., 0., 0., 0., 0., 0., 0., 0., 0., 0., 0., 0., 0., 0., 0., 0., 0., 0.],
        [0., 0., 0., 0., 0., 0., 0., 0., 0., 0., 0., 0., 0., 0., 0., 0., 0., 0., 0., 0., 0.],
        [0., 0., 0., 0., 0., 0., 0., 0., 0., 0., 0., 0., 0., 0., 0., 0., 0., 0., 0., 0., 0.],
        [0., 0., 0., 0., 0., 0., 0., 0., 0., 0., 0., 0., 0., 0., 0., 0., 0., 0., 0., 0., 0.]])
tensor([0., 0., 0., 0., 0., 0., 0., 0., 0., 0., 0., 0., 0., 0., 0., 0., 0., 0., 0., 0., 0.])
[layer 1]
tensor([[0., 0., 0., 0., 0., 0., 0., 0., 0., 0., 0., 0., 0., 0., 0., 0., 0., 0., 0., 0., 0.],
        [0., 0., 0., 0., 0., 0., 0., 0., 0., 0., 0., 0., 0., 0., 0., 0., 0., 0., 0., 0., 0.],
        [0., 0., 0., 0., 0., 0., 0., 0., 0., 0., 0., 0., 0., 0., 0., 0., 0., 0., 0., 0., 0.],
        [0., 0., 0., 0., 0., 0., 0., 0., 0., 0., 0., 0., 0., 0., 0., 0., 0., 0., 0., 0., 0.],
        [0., 0., 0., 0., 0., 0., 0., 0., 0., 0., 0., 0., 0., 0., 0., 0., 0., 0., 0., 0., 0.],
        [0., 0., 0., 0., 0., 0., 0., 0., 0., 0., 0., 0., 0., 0., 0., 0., 0., 0., 0., 0., 0.],
        [0., 0., 0., 0., 0., 0., 0., 0., 0., 0., 0., 0., 0., 0., 0., 0., 0., 0., 0., 0., 0.],
        [0., 0., 0., 0., 0., 0., 0., 0., 0., 0., 0., 0., 0., 0., 0., 0., 0., 0., 0., 0., 0.],
        [0., 0., 0., 0., 0., 0., 0., 0., 0., 0., 0., 0., 0., 0., 0., 0., 0., 0., 0., 0., 0.],
        [0., 0., 0., 0., 0., 0., 0., 0., 0., 0., 0., 0., 0., 0., 0., 0., 0., 0., 0., 0., 0.],
        [0., 0., 0., 0., 0., 0., 0., 0., 0., 0., 0., 0., 0., 0., 0., 0., 0., 0., 0., 0., 0.],
        [0., 0., 0., 0., 0., 0., 0., 0., 0., 0., 0., 0., 0., 0., 0., 0., 0., 0., 0., 0., 0.],
        [0., 0., 0., 0., 0., 0., 0., 0., 0., 0., 0., 0., 0., 0., 0., 0., 0., 0., 0., 0., 0.],
        [0., 0., 0., 0., 0., 0., 0., 0., 0., 0., 0., 0., 0., 0., 0., 0., 0., 0., 0., 0., 0.],
        [0., 0., 0., 0., 0., 0., 0., 0., 0., 0., 0., 0., 0., 0., 0., 0., 0., 0., 0., 0., 0.],
        [0., 0., 0., 0., 0., 0., 0., 0., 0., 0., 0., 0., 0., 0., 0., 0., 0., 0., 0., 0., 0.],
        [0., 0., 0., 0., 0., 0., 0., 0., 0., 0., 0., 0., 0., 0., 0., 0., 0., 0., 0., 0., 0.],
        [0., 0., 0., 0., 0., 0., 0., 0., 0., 0., 0., 0., 0., 0., 0., 0., 0., 0., 0., 0., 0.],
        [0., 0., 0., 0., 0., 0., 0., 0., 0., 0., 0., 0., 0., 0., 0., 0., 0., 0., 0., 0., 0.],
        [0., 0., 0., 0., 0., 0., 0., 0., 0., 0., 0., 0., 0., 0., 0., 0., 0., 0., 0., 0., 0.],
        [0., 0., 0., 0., 0., 0., 0., 0., 0., 0., 0., 0., 0., 0., 0., 0., 0., 0., 0., 0., 0.]])
tensor([0., 0., 0., 0., 0., 0., 0., 0., 0., 0., 0., 0., 0., 0., 0., 0., 0., 0., 0., 0., 0.])
layer 2
tensor([[0., 0., 0., 0., 0., 0., 0., 0., 0., 0., 0., 0., 0., 0., 0., 0., 0., 0., 0., 0., 0.],
        [0., 0., 0., 0., 0., 0., 0., 0., 0., 0., 0., 0., 0., 0., 0., 0., 0., 0., 0., 0., 0.],
        [0., 0., 0., 0., 0., 0., 0., 0., 0., 0., 0., 0., 0., 0., 0., 0., 0., 0., 0., 0., 0.],
        [0., 0., 0., 0., 0., 0., 0., 0., 0., 0., 0., 0., 0., 0., 0., 0., 0., 0., 0., 0., 0.],
        [0., 0., 0., 0., 0., 0., 0., 0., 0., 0., 0., 0., 0., 0., 0., 0., 0., 0., 0., 0., 0.],
        [0., 0., 0., 0., 0., 0., 0., 0., 0., 0., 0., 0., 0., 0., 0., 0., 0., 0., 0., 0., 0.],
        [0., 0., 0., 0., 0., 0., 0., 0., 0., 0., 0., 0., 0., 0., 0., 0., 0., 0., 0., 0., 0.],
        [0., 0., 0., 0., 0., 0., 0., 0., 0., 0., 0., 0., 0., 0., 0., 0., 0., 0., 0., 0., 0.],
        [0., 0., 0., 0., 0., 0., 0., 0., 0., 0., 0., 0., 0., 0., 0., 0., 0., 0., 0., 0., 0.],
        [0., 0., 0., 0., 0., 0., 0., 0., 0., 0., 0., 0., 0., 0., 0., 0., 0., 0., 0., 0., 0.],
        [0., 0., 0., 0., 0., 0., 0., 0., 0., 0., 0., 0., 0., 0., 0., 0., 0., 0., 0., 0., 0.],
        [0., 0., 0., 0., 0., 0., 0., 0., 0., 0., 0., 0., 0., 0., 0., 0., 0., 0., 0., 0., 0.],
        [0., 0., 0., 0., 0., 0., 0., 0., 0., 0., 0., 0., 0., 0., 0., 0., 0., 0., 0., 0., 0.],
        [0., 0., 0., 0., 0., 0., 0., 0., 0., 0., 0., 0., 0., 0., 0., 0., 0., 0., 0., 0., 0.],
        [0., 0., 0., 0., 0., 0., 0., 0., 0., 0., 0., 0., 0., 0., 0., 0., 0., 0., 0., 0., 0.],
        [0., 0., 0., 0., 0., 0., 0., 0., 0., 0., 0., 0., 0., 0., 0., 0., 0., 0., 0., 0., 0.],
        [0., 0., 0., 0., 0., 0., 0., 0., 0., 0., 0., 0., 0., 0., 0., 0., 0., 0., 0., 0., 0.],
        [0., 0., 0., 0., 0., 0., 0., 0., 0., 0., 0., 0., 0., 0., 0., 0., 0., 0., 0., 0., 0.],
        [0., 0., 0., 0., 0., 0., 0., 0., 0., 0., 0., 0., 0., 0., 0., 0., 0., 0., 0., 0., 0.],
        [0., 0., 0., 0., 0., 0., 0., 0., 0., 0., 0., 0., 0., 0., 0., 0., 0., 0., 0., 0., 0.],
        [0., 0., 0., 0., 0., 0., 0., 0., 0., 0., 0., 0., 0., 0., 0., 0., 0., 0., 0., 0., 0.]])
tensor([0., 0., 0., 0., 0., 0., 0., 0., 0., 0., 0., 0., 0., 0., 0., 0., 0., 0., 0., 0., 0.])
layer 3
tensor([[0., 0., 0., 0., 0., 0., 0., 0., 0., 0., 0., 0., 0., 0., 0., 0., 0., 0., 0., 0., 0.],
        [0., 0., 0., 0., 0., 0., 0., 0., 0., 0., 0., 0., 0., 0., 0., 0., 0., 0., 0., 0., 0.],
        [0., 0., 0., 0., 0., 0., 0., 0., 0., 0., 0., 0., 0., 0., 0., 0., 0., 0., 0., 0., 0.],
        [0., 0., 0., 0., 0., 0., 0., 0., 0., 0., 0., 0., 0., 0., 0., 0., 0., 0., 0., 0., 0.],
        [0., 0., 0., 0., 0., 0., 0., 0., 0., 0., 0., 0., 0., 0., 0., 0., 0., 0., 0., 0., 0.],
        [0., 0., 0., 0., 0., 0., 0., 0., 0., 0., 0., 0., 0., 0., 0., 0., 0., 0., 0., 0., 0.],
        [0., 0., 0., 0., 0., 0., 0., 0., 0., 0., 0., 0., 0., 0., 0., 0., 0., 0., 0., 0., 0.],
        [0., 0., 0., 0., 0., 0., 0., 0., 0., 0., 0., 0., 0., 0., 0., 0., 0., 0., 0., 0., 0.],
        [0., 0., 0., 0., 0., 0., 0., 0., 0., 0., 0., 0., 0., 0., 0., 0., 0., 0., 0., 0., 0.],
        [0., 0., 0., 0., 0., 0., 0., 0., 0., 0., 0., 0., 0., 0., 0., 0., 0., 0., 0., 0., 0.],
        [0., 0., 0., 0., 0., 0., 0., 0., 0., 0., 0., 0., 0., 0., 0., 0., 0., 0., 0., 0., 0.],
        [0., 0., 0., 0., 0., 0., 0., 0., 0., 0., 0., 0., 0., 0., 0., 0., 0., 0., 0., 0., 0.],
        [0., 0., 0., 0., 0., 0., 0., 0., 0., 0., 0., 0., 0., 0., 0., 0., 0., 0., 0., 0., 0.],
        [0., 0., 0., 0., 0., 0., 0., 0., 0., 0., 0., 0., 0., 0., 0., 0., 0., 0., 0., 0., 0.],
        [0., 0., 0., 0., 0., 0., 0., 0., 0., 0., 0., 0., 0., 0., 0., 0., 0., 0., 0., 0., 0.],
        [0., 0., 0., 0., 0., 0., 0., 0., 0., 0., 0., 0., 0., 0., 0., 0., 0., 0., 0., 0., 0.],
        [0., 0., 0., 0., 0., 0., 0., 0., 0., 0., 0., 0., 0., 0., 0., 0., 0., 0., 0., 0., 0.],
        [0., 0., 0., 0., 0., 0., 0., 0., 0., 0., 0., 0., 0., 0., 0., 0., 0., 0., 0., 0., 0.],
        [0., 0., 0., 0., 0., 0., 0., 0., 0., 0., 0., 0., 0., 0., 0., 0., 0., 0., 0., 0., 0.],
        [0., 0., 0., 0., 0., 0., 0., 0., 0., 0., 0., 0., 0., 0., 0., 0., 0., 0., 0., 0., 0.],
        [0., 0., 0., 0., 0., 0., 0., 0., 0., 0., 0., 0., 0., 0., 0., 0., 0., 0., 0., 0., 0.]])
tensor([0., 0., 0., 0., 0., 0., 0., 0., 0., 0., 0., 0., 0., 0., 0., 0., 0., 0., 0., 0., 0.])
layer 4
tensor([[0., 0., 0., 0., 0., 0., 0., 0., 0., 0., 0., 0., 0., 0., 0., 0., 0., 0., 0., 0., 0.],
        [0., 0., 0., 0., 0., 0., 0., 0., 0., 0., 0., 0., 0., 0., 0., 0., 0., 0., 0., 0., 0.],
        [0., 0., 0., 0., 0., 0., 0., 0., 0., 0., 0., 0., 0., 0., 0., 0., 0., 0., 0., 0., 0.],
        [0., 0., 0., 0., 0., 0., 0., 0., 0., 0., 0., 0., 0., 0., 0., 0., 0., 0., 0., 0., 0.],
        [0., 0., 0., 0., 0., 0., 0., 0., 0., 0., 0., 0., 0., 0., 0., 0., 0., 0., 0., 0., 0.],
        [0., 0., 0., 0., 0., 0., 0., 0., 0., 0., 0., 0., 0., 0., 0., 0., 0., 0., 0., 0., 0.],
        [0., 0., 0., 0., 0., 0., 0., 0., 0., 0., 0., 0., 0., 0., 0., 0., 0., 0., 0., 0., 0.],
        [0., 0., 0., 0., 0., 0., 0., 0., 0., 0., 0., 0., 0., 0., 0., 0., 0., 0., 0., 0., 0.],
        [0., 0., 0., 0., 0., 0., 0., 0., 0., 0., 0., 0., 0., 0., 0., 0., 0., 0., 0., 0., 0.],
        [0., 0., 0., 0., 0., 0., 0., 0., 0., 0., 0., 0., 0., 0., 0., 0., 0., 0., 0., 0., 0.],
        [0., 0., 0., 0., 0., 0., 0., 0., 0., 0., 0., 0., 0., 0., 0., 0., 0., 0., 0., 0., 0.],
        [0., 0., 0., 0., 0., 0., 0., 0., 0., 0., 0., 0., 0., 0., 0., 0., 0., 0., 0., 0., 0.],
        [0., 0., 0., 0., 0., 0., 0., 0., 0., 0., 0., 0., 0., 0., 0., 0., 0., 0., 0., 0., 0.],
        [0., 0., 0., 0., 0., 0., 0., 0., 0., 0., 0., 0., 0., 0., 0., 0., 0., 0., 0., 0., 0.],
        [0., 0., 0., 0., 0., 0., 0., 0., 0., 0., 0., 0., 0., 0., 0., 0., 0., 0., 0., 0., 0.],
        [0., 0., 0., 0., 0., 0., 0., 0., 0., 0., 0., 0., 0., 0., 0., 0., 0., 0., 0., 0., 0.],
        [0., 0., 0., 0., 0., 0., 0., 0., 0., 0., 0., 0., 0., 0., 0., 0., 0., 0., 0., 0., 0.],
        [0., 0., 0., 0., 0., 0., 0., 0., 0., 0., 0., 0., 0., 0., 0., 0., 0., 0., 0., 0., 0.],
        [0., 0., 0., 0., 0., 0., 0., 0., 0., 0., 0., 0., 0., 0., 0., 0., 0., 0., 0., 0., 0.],
        [0., 0., 0., 0., 0., 0., 0., 0., 0., 0., 0., 0., 0., 0., 0., 0., 0., 0., 0., 0., 0.],
        [0., 0., 0., 0., 0., 0., 0., 0., 0., 0., 0., 0., 0., 0., 0., 0., 0., 0., 0., 0., 0.]])
tensor([0., 0., 0., 0., 0., 0., 0., 0., 0., 0., 0., 0., 0., 0., 0., 0., 0., 0., 0., 0., 0.])
[layer 5]
tensor([[0., 0., 0., 0., 0., 0., 0., 0., 0., 0., 0., 0., 0., 0., 0., 0., 0., 0., 0., 0., 0.],
        [0., 0., 0., 0., 0., 0., 0., 0., 0., 0., 0., 0., 0., 0., 0., 0., 0., 0., 0., 0., 0.],
        [0., 0., 0., 0., 0., 0., 0., 0., 0., 0., 0., 0., 0., 0., 0., 0., 0., 0., 0., 0., 0.],
        [0., 0., 0., 0., 0., 0., 0., 0., 0., 0., 0., 0., 0., 0., 0., 0., 0., 0., 0., 0., 0.],
        [0., 0., 0., 0., 0., 0., 0., 0., 0., 0., 0., 0., 0., 0., 0., 0., 0., 0., 0., 0., 0.],
        [0., 0., 0., 0., 0., 0., 0., 0., 0., 0., 0., 0., 0., 0., 0., 0., 0., 0., 0., 0., 0.],
        [0., 0., 0., 0., 0., 0., 0., 0., 0., 0., 0., 0., 0., 0., 0., 0., 0., 0., 0., 0., 0.],
        [0., 0., 0., 0., 0., 0., 0., 0., 0., 0., 0., 0., 0., 0., 0., 0., 0., 0., 0., 0., 0.],
        [0., 0., 0., 0., 0., 0., 0., 0., 0., 0., 0., 0., 0., 0., 0., 0., 0., 0., 0., 0., 0.],
        [0., 0., 0., 0., 0., 0., 0., 0., 0., 0., 0., 0., 0., 0., 0., 0., 0., 0., 0., 0., 0.],
        [0., 0., 0., 0., 0., 0., 0., 0., 0., 0., 0., 0., 0., 0., 0., 0., 0., 0., 0., 0., 0.],
        [0., 0., 0., 0., 0., 0., 0., 0., 0., 0., 0., 0., 0., 0., 0., 0., 0., 0., 0., 0., 0.],
        [0., 0., 0., 0., 0., 0., 0., 0., 0., 0., 0., 0., 0., 0., 0., 0., 0., 0., 0., 0., 0.],
        [0., 0., 0., 0., 0., 0., 0., 0., 0., 0., 0., 0., 0., 0., 0., 0., 0., 0., 0., 0., 0.],
        [0., 0., 0., 0., 0., 0., 0., 0., 0., 0., 0., 0., 0., 0., 0., 0., 0., 0., 0., 0., 0.],
        [0., 0., 0., 0., 0., 0., 0., 0., 0., 0., 0., 0., 0., 0., 0., 0., 0., 0., 0., 0., 0.],
        [0., 0., 0., 0., 0., 0., 0., 0., 0., 0., 0., 0., 0., 0., 0., 0., 0., 0., 0., 0., 0.],
        [0., 0., 0., 0., 0., 0., 0., 0., 0., 0., 0., 0., 0., 0., 0., 0., 0., 0., 0., 0., 0.],
        [0., 0., 0., 0., 0., 0., 0., 0., 0., 0., 0., 0., 0., 0., 0., 0., 0., 0., 0., 0., 0.],
        [0., 0., 0., 0., 0., 0., 0., 0., 0., 0., 0., 0., 0., 0., 0., 0., 0., 0., 0., 0., 0.],
        [0., 0., 0., 0., 0., 0., 0., 0., 0., 0., 0., 0., 0., 0., 0., 0., 0., 0., 0., 0., 0.]])
tensor([0., 0., 0., 0., 0., 0., 0., 0., 0., 0., 0., 0., 0., 0., 0., 0., 0., 0., 0., 0., 0.])
[layer 6]
tensor([[-4.5634e-22, -4.5634e-22, -4.5634e-22, -4.5634e-22, -4.5634e-22,
         -4.5634e-22, -4.5634e-22, -4.5634e-22, -4.5634e-22, -4.5634e-22,
         -4.5634e-22, -4.5634e-22, -4.5634e-22, -4.5634e-22, -4.5634e-22,
         -4.5634e-22, -4.5634e-22, -4.5634e-22, -4.5634e-22, -4.5634e-22,
         -4.5634e-22],
        [-4.5634e-22, -4.5634e-22, -4.5634e-22, -4.5634e-22, -4.5634e-22,
         -4.5634e-22, -4.5634e-22, -4.5634e-22, -4.5634e-22, -4.5634e-22,
         -4.5634e-22, -4.5634e-22, -4.5634e-22, -4.5634e-22, -4.5634e-22,
         -4.5634e-22, -4.5634e-22, -4.5634e-22, -4.5634e-22, -4.5634e-22,
         -4.5634e-22],
        [-4.5634e-22, -4.5634e-22, -4.5634e-22, -4.5634e-22, -4.5634e-22,
         -4.5634e-22, -4.5634e-22, -4.5634e-22, -4.5634e-22, -4.5634e-22,
         -4.5634e-22, -4.5634e-22, -4.5634e-22, -4.5634e-22, -4.5634e-22,
         -4.5634e-22, -4.5634e-22, -4.5634e-22, -4.5634e-22, -4.5634e-22,
         -4.5634e-22],
        [-4.5634e-22, -4.5634e-22, -4.5634e-22, -4.5634e-22, -4.5634e-22,
         -4.5634e-22, -4.5634e-22, -4.5634e-22, -4.5634e-22, -4.5634e-22,
         -4.5634e-22, -4.5634e-22, -4.5634e-22, -4.5634e-22, -4.5634e-22,
         -4.5634e-22, -4.5634e-22, -4.5634e-22, -4.5634e-22, -4.5634e-22,
         -4.5634e-22],
        [-4.5634e-22, -4.5634e-22, -4.5634e-22, -4.5634e-22, -4.5634e-22,
         -4.5634e-22, -4.5634e-22, -4.5634e-22, -4.5634e-22, -4.5634e-22,
         -4.5634e-22, -4.5634e-22, -4.5634e-22, -4.5634e-22, -4.5634e-22,
         -4.5634e-22, -4.5634e-22, -4.5634e-22, -4.5634e-22, -4.5634e-22,
         -4.5634e-22],
        [-4.5634e-22, -4.5634e-22, -4.5634e-22, -4.5634e-22, -4.5634e-22,
         -4.5634e-22, -4.5634e-22, -4.5634e-22, -4.5634e-22, -4.5634e-22,
         -4.5634e-22, -4.5634e-22, -4.5634e-22, -4.5634e-22, -4.5634e-22,
         -4.5634e-22, -4.5634e-22, -4.5634e-22, -4.5634e-22, -4.5634e-22,
         -4.5634e-22],
        [-4.5634e-22, -4.5634e-22, -4.5634e-22, -4.5634e-22, -4.5634e-22,
         -4.5634e-22, -4.5634e-22, -4.5634e-22, -4.5634e-22, -4.5634e-22,
         -4.5634e-22, -4.5634e-22, -4.5634e-22, -4.5634e-22, -4.5634e-22,
         -4.5634e-22, -4.5634e-22, -4.5634e-22, -4.5634e-22, -4.5634e-22,
         -4.5634e-22],
        [-4.5634e-22, -4.5634e-22, -4.5634e-22, -4.5634e-22, -4.5634e-22,
         -4.5634e-22, -4.5634e-22, -4.5634e-22, -4.5634e-22, -4.5634e-22,
         -4.5634e-22, -4.5634e-22, -4.5634e-22, -4.5634e-22, -4.5634e-22,
         -4.5634e-22, -4.5634e-22, -4.5634e-22, -4.5634e-22, -4.5634e-22,
         -4.5634e-22],
        [-4.5634e-22, -4.5634e-22, -4.5634e-22, -4.5634e-22, -4.5634e-22,
         -4.5634e-22, -4.5634e-22, -4.5634e-22, -4.5634e-22, -4.5634e-22,
         -4.5634e-22, -4.5634e-22, -4.5634e-22, -4.5634e-22, -4.5634e-22,
         -4.5634e-22, -4.5634e-22, -4.5634e-22, -4.5634e-22, -4.5634e-22,
         -4.5634e-22],
        [-4.5634e-22, -4.5634e-22, -4.5634e-22, -4.5634e-22, -4.5634e-22,
         -4.5634e-22, -4.5634e-22, -4.5634e-22, -4.5634e-22, -4.5634e-22,
         -4.5634e-22, -4.5634e-22, -4.5634e-22, -4.5634e-22, -4.5634e-22,
         -4.5634e-22, -4.5634e-22, -4.5634e-22, -4.5634e-22, -4.5634e-22,
         -4.5634e-22],
        [-4.5634e-22, -4.5634e-22, -4.5634e-22, -4.5634e-22, -4.5634e-22,
         -4.5634e-22, -4.5634e-22, -4.5634e-22, -4.5634e-22, -4.5634e-22,
         -4.5634e-22, -4.5634e-22, -4.5634e-22, -4.5634e-22, -4.5634e-22,
         -4.5634e-22, -4.5634e-22, -4.5634e-22, -4.5634e-22, -4.5634e-22,
         -4.5634e-22],
        [-4.5634e-22, -4.5634e-22, -4.5634e-22, -4.5634e-22, -4.5634e-22,
         -4.5634e-22, -4.5634e-22, -4.5634e-22, -4.5634e-22, -4.5634e-22,
         -4.5634e-22, -4.5634e-22, -4.5634e-22, -4.5634e-22, -4.5634e-22,
         -4.5634e-22, -4.5634e-22, -4.5634e-22, -4.5634e-22, -4.5634e-22,
         -4.5634e-22],
        [-4.5634e-22, -4.5634e-22, -4.5634e-22, -4.5634e-22, -4.5634e-22,
         -4.5634e-22, -4.5634e-22, -4.5634e-22, -4.5634e-22, -4.5634e-22,
         -4.5634e-22, -4.5634e-22, -4.5634e-22, -4.5634e-22, -4.5634e-22,
         -4.5634e-22, -4.5634e-22, -4.5634e-22, -4.5634e-22, -4.5634e-22,
         -4.5634e-22],
        [-4.5634e-22, -4.5634e-22, -4.5634e-22, -4.5634e-22, -4.5634e-22,
         -4.5634e-22, -4.5634e-22, -4.5634e-22, -4.5634e-22, -4.5634e-22,
         -4.5634e-22, -4.5634e-22, -4.5634e-22, -4.5634e-22, -4.5634e-22,
         -4.5634e-22, -4.5634e-22, -4.5634e-22, -4.5634e-22, -4.5634e-22,
         -4.5634e-22],
        [-4.5634e-22, -4.5634e-22, -4.5634e-22, -4.5634e-22, -4.5634e-22,
         -4.5634e-22, -4.5634e-22, -4.5634e-22, -4.5634e-22, -4.5634e-22,
         -4.5634e-22, -4.5634e-22, -4.5634e-22, -4.5634e-22, -4.5634e-22,
         -4.5634e-22, -4.5634e-22, -4.5634e-22, -4.5634e-22, -4.5634e-22,
         -4.5634e-22],
        [-4.5634e-22, -4.5634e-22, -4.5634e-22, -4.5634e-22, -4.5634e-22,
         -4.5634e-22, -4.5634e-22, -4.5634e-22, -4.5634e-22, -4.5634e-22,
         -4.5634e-22, -4.5634e-22, -4.5634e-22, -4.5634e-22, -4.5634e-22,
         -4.5634e-22, -4.5634e-22, -4.5634e-22, -4.5634e-22, -4.5634e-22,
         -4.5634e-22],
        [-4.5634e-22, -4.5634e-22, -4.5634e-22, -4.5634e-22, -4.5634e-22,
         -4.5634e-22, -4.5634e-22, -4.5634e-22, -4.5634e-22, -4.5634e-22,
         -4.5634e-22, -4.5634e-22, -4.5634e-22, -4.5634e-22, -4.5634e-22,
         -4.5634e-22, -4.5634e-22, -4.5634e-22, -4.5634e-22, -4.5634e-22,
         -4.5634e-22],
        [-4.5634e-22, -4.5634e-22, -4.5634e-22, -4.5634e-22, -4.5634e-22,
         -4.5634e-22, -4.5634e-22, -4.5634e-22, -4.5634e-22, -4.5634e-22,
         -4.5634e-22, -4.5634e-22, -4.5634e-22, -4.5634e-22, -4.5634e-22,
         -4.5634e-22, -4.5634e-22, -4.5634e-22, -4.5634e-22, -4.5634e-22,
         -4.5634e-22],
        [-4.5634e-22, -4.5634e-22, -4.5634e-22, -4.5634e-22, -4.5634e-22,
         -4.5634e-22, -4.5634e-22, -4.5634e-22, -4.5634e-22, -4.5634e-22,
         -4.5634e-22, -4.5634e-22, -4.5634e-22, -4.5634e-22, -4.5634e-22,
         -4.5634e-22, -4.5634e-22, -4.5634e-22, -4.5634e-22, -4.5634e-22,
         -4.5634e-22],
        [-4.5634e-22, -4.5634e-22, -4.5634e-22, -4.5634e-22, -4.5634e-22,
         -4.5634e-22, -4.5634e-22, -4.5634e-22, -4.5634e-22, -4.5634e-22,
         -4.5634e-22, -4.5634e-22, -4.5634e-22, -4.5634e-22, -4.5634e-22,
         -4.5634e-22, -4.5634e-22, -4.5634e-22, -4.5634e-22, -4.5634e-22,
         -4.5634e-22],
        [-4.5634e-22, -4.5634e-22, -4.5634e-22, -4.5634e-22, -4.5634e-22,
         -4.5634e-22, -4.5634e-22, -4.5634e-22, -4.5634e-22, -4.5634e-22,
         -4.5634e-22, -4.5634e-22, -4.5634e-22, -4.5634e-22, -4.5634e-22,
         -4.5634e-22, -4.5634e-22, -4.5634e-22, -4.5634e-22, -4.5634e-22,
         -4.5634e-22]])
tensor([-4.5634e-22, -4.5634e-22, -4.5634e-22, -4.5634e-22, -4.5634e-22,
        -4.5634e-22, -4.5634e-22, -4.5634e-22, -4.5634e-22, -4.5634e-22,
        -4.5634e-22, -4.5634e-22, -4.5634e-22, -4.5634e-22, -4.5634e-22,
        -4.5634e-22, -4.5634e-22, -4.5634e-22, -4.5634e-22, -4.5634e-22,
        -4.5634e-22])
layer 7
tensor([[-9.8345e-10, -9.8345e-10, -9.8345e-10, -9.8345e-10, -9.8345e-10,
         -9.8345e-10, -9.8345e-10, -9.8345e-10, -9.8345e-10, -9.8345e-10,
         -9.8345e-10, -9.8345e-10, -9.8345e-10, -9.8345e-10, -9.8345e-10,
         -9.8345e-10, -9.8345e-10, -9.8345e-10, -9.8345e-10, -9.8345e-10,
         -9.8345e-10],
        [-9.8345e-10, -9.8345e-10, -9.8345e-10, -9.8345e-10, -9.8345e-10,
         -9.8345e-10, -9.8345e-10, -9.8345e-10, -9.8345e-10, -9.8345e-10,
         -9.8345e-10, -9.8345e-10, -9.8345e-10, -9.8345e-10, -9.8345e-10,
         -9.8345e-10, -9.8345e-10, -9.8345e-10, -9.8345e-10, -9.8345e-10,
         -9.8345e-10],
        [-9.8345e-10, -9.8345e-10, -9.8345e-10, -9.8345e-10, -9.8345e-10,
         -9.8345e-10, -9.8345e-10, -9.8345e-10, -9.8345e-10, -9.8345e-10,
         -9.8345e-10, -9.8345e-10, -9.8345e-10, -9.8345e-10, -9.8345e-10,
         -9.8345e-10, -9.8345e-10, -9.8345e-10, -9.8345e-10, -9.8345e-10,
         -9.8345e-10],
        [-9.8345e-10, -9.8345e-10, -9.8345e-10, -9.8345e-10, -9.8345e-10,
         -9.8345e-10, -9.8345e-10, -9.8345e-10, -9.8345e-10, -9.8345e-10,
         -9.8345e-10, -9.8345e-10, -9.8345e-10, -9.8345e-10, -9.8345e-10,
         -9.8345e-10, -9.8345e-10, -9.8345e-10, -9.8345e-10, -9.8345e-10,
         -9.8345e-10],
        [-9.8345e-10, -9.8345e-10, -9.8345e-10, -9.8345e-10, -9.8345e-10,
         -9.8345e-10, -9.8345e-10, -9.8345e-10, -9.8345e-10, -9.8345e-10,
         -9.8345e-10, -9.8345e-10, -9.8345e-10, -9.8345e-10, -9.8345e-10,
         -9.8345e-10, -9.8345e-10, -9.8345e-10, -9.8345e-10, -9.8345e-10,
         -9.8345e-10],
        [-9.8345e-10, -9.8345e-10, -9.8345e-10, -9.8345e-10, -9.8345e-10,
         -9.8345e-10, -9.8345e-10, -9.8345e-10, -9.8345e-10, -9.8345e-10,
         -9.8345e-10, -9.8345e-10, -9.8345e-10, -9.8345e-10, -9.8345e-10,
         -9.8345e-10, -9.8345e-10, -9.8345e-10, -9.8345e-10, -9.8345e-10,
         -9.8345e-10],
        [-9.8345e-10, -9.8345e-10, -9.8345e-10, -9.8345e-10, -9.8345e-10,
         -9.8345e-10, -9.8345e-10, -9.8345e-10, -9.8345e-10, -9.8345e-10,
         -9.8345e-10, -9.8345e-10, -9.8345e-10, -9.8345e-10, -9.8345e-10,
         -9.8345e-10, -9.8345e-10, -9.8345e-10, -9.8345e-10, -9.8345e-10,
         -9.8345e-10],
        [-9.8345e-10, -9.8345e-10, -9.8345e-10, -9.8345e-10, -9.8345e-10,
         -9.8345e-10, -9.8345e-10, -9.8345e-10, -9.8345e-10, -9.8345e-10,
         -9.8345e-10, -9.8345e-10, -9.8345e-10, -9.8345e-10, -9.8345e-10,
         -9.8345e-10, -9.8345e-10, -9.8345e-10, -9.8345e-10, -9.8345e-10,
         -9.8345e-10],
        [-9.8345e-10, -9.8345e-10, -9.8345e-10, -9.8345e-10, -9.8345e-10,
         -9.8345e-10, -9.8345e-10, -9.8345e-10, -9.8345e-10, -9.8345e-10,
         -9.8345e-10, -9.8345e-10, -9.8345e-10, -9.8345e-10, -9.8345e-10,
         -9.8345e-10, -9.8345e-10, -9.8345e-10, -9.8345e-10, -9.8345e-10,
         -9.8345e-10],
        [-9.8345e-10, -9.8345e-10, -9.8345e-10, -9.8345e-10, -9.8345e-10,
         -9.8345e-10, -9.8345e-10, -9.8345e-10, -9.8345e-10, -9.8345e-10,
         -9.8345e-10, -9.8345e-10, -9.8345e-10, -9.8345e-10, -9.8345e-10,
         -9.8345e-10, -9.8345e-10, -9.8345e-10, -9.8345e-10, -9.8345e-10,
         -9.8345e-10],
        [-9.8345e-10, -9.8345e-10, -9.8345e-10, -9.8345e-10, -9.8345e-10,
         -9.8345e-10, -9.8345e-10, -9.8345e-10, -9.8345e-10, -9.8345e-10,
         -9.8345e-10, -9.8345e-10, -9.8345e-10, -9.8345e-10, -9.8345e-10,
         -9.8345e-10, -9.8345e-10, -9.8345e-10, -9.8345e-10, -9.8345e-10,
         -9.8345e-10],
        [-9.8345e-10, -9.8345e-10, -9.8345e-10, -9.8345e-10, -9.8345e-10,
         -9.8345e-10, -9.8345e-10, -9.8345e-10, -9.8345e-10, -9.8345e-10,
         -9.8345e-10, -9.8345e-10, -9.8345e-10, -9.8345e-10, -9.8345e-10,
         -9.8345e-10, -9.8345e-10, -9.8345e-10, -9.8345e-10, -9.8345e-10,
         -9.8345e-10],
        [-9.8345e-10, -9.8345e-10, -9.8345e-10, -9.8345e-10, -9.8345e-10,
         -9.8345e-10, -9.8345e-10, -9.8345e-10, -9.8345e-10, -9.8345e-10,
         -9.8345e-10, -9.8345e-10, -9.8345e-10, -9.8345e-10, -9.8345e-10,
         -9.8345e-10, -9.8345e-10, -9.8345e-10, -9.8345e-10, -9.8345e-10,
         -9.8345e-10],
        [-9.8345e-10, -9.8345e-10, -9.8345e-10, -9.8345e-10, -9.8345e-10,
         -9.8345e-10, -9.8345e-10, -9.8345e-10, -9.8345e-10, -9.8345e-10,
         -9.8345e-10, -9.8345e-10, -9.8345e-10, -9.8345e-10, -9.8345e-10,
         -9.8345e-10, -9.8345e-10, -9.8345e-10, -9.8345e-10, -9.8345e-10,
         -9.8345e-10],
        [-9.8345e-10, -9.8345e-10, -9.8345e-10, -9.8345e-10, -9.8345e-10,
         -9.8345e-10, -9.8345e-10, -9.8345e-10, -9.8345e-10, -9.8345e-10,
         -9.8345e-10, -9.8345e-10, -9.8345e-10, -9.8345e-10, -9.8345e-10,
         -9.8345e-10, -9.8345e-10, -9.8345e-10, -9.8345e-10, -9.8345e-10,
         -9.8345e-10],
        [-9.8345e-10, -9.8345e-10, -9.8345e-10, -9.8345e-10, -9.8345e-10,
         -9.8345e-10, -9.8345e-10, -9.8345e-10, -9.8345e-10, -9.8345e-10,
         -9.8345e-10, -9.8345e-10, -9.8345e-10, -9.8345e-10, -9.8345e-10,
         -9.8345e-10, -9.8345e-10, -9.8345e-10, -9.8345e-10, -9.8345e-10,
         -9.8345e-10],
        [-9.8345e-10, -9.8345e-10, -9.8345e-10, -9.8345e-10, -9.8345e-10,
         -9.8345e-10, -9.8345e-10, -9.8345e-10, -9.8345e-10, -9.8345e-10,
         -9.8345e-10, -9.8345e-10, -9.8345e-10, -9.8345e-10, -9.8345e-10,
         -9.8345e-10, -9.8345e-10, -9.8345e-10, -9.8345e-10, -9.8345e-10,
         -9.8345e-10],
        [-9.8345e-10, -9.8345e-10, -9.8345e-10, -9.8345e-10, -9.8345e-10,
         -9.8345e-10, -9.8345e-10, -9.8345e-10, -9.8345e-10, -9.8345e-10,
         -9.8345e-10, -9.8345e-10, -9.8345e-10, -9.8345e-10, -9.8345e-10,
         -9.8345e-10, -9.8345e-10, -9.8345e-10, -9.8345e-10, -9.8345e-10,
         -9.8345e-10],
        [-9.8345e-10, -9.8345e-10, -9.8345e-10, -9.8345e-10, -9.8345e-10,
         -9.8345e-10, -9.8345e-10, -9.8345e-10, -9.8345e-10, -9.8345e-10,
         -9.8345e-10, -9.8345e-10, -9.8345e-10, -9.8345e-10, -9.8345e-10,
         -9.8345e-10, -9.8345e-10, -9.8345e-10, -9.8345e-10, -9.8345e-10,
         -9.8345e-10],
        [-9.8345e-10, -9.8345e-10, -9.8345e-10, -9.8345e-10, -9.8345e-10,
         -9.8345e-10, -9.8345e-10, -9.8345e-10, -9.8345e-10, -9.8345e-10,
         -9.8345e-10, -9.8345e-10, -9.8345e-10, -9.8345e-10, -9.8345e-10,
         -9.8345e-10, -9.8345e-10, -9.8345e-10, -9.8345e-10, -9.8345e-10,
         -9.8345e-10],
        [-9.8345e-10, -9.8345e-10, -9.8345e-10, -9.8345e-10, -9.8345e-10,
         -9.8345e-10, -9.8345e-10, -9.8345e-10, -9.8345e-10, -9.8345e-10,
         -9.8345e-10, -9.8345e-10, -9.8345e-10, -9.8345e-10, -9.8345e-10,
         -9.8345e-10, -9.8345e-10, -9.8345e-10, -9.8345e-10, -9.8345e-10,
         -9.8345e-10]])
tensor([-9.8345e-10, -9.8345e-10, -9.8345e-10, -9.8345e-10, -9.8345e-10,
        -9.8345e-10, -9.8345e-10, -9.8345e-10, -9.8345e-10, -9.8345e-10,
        -9.8345e-10, -9.8345e-10, -9.8345e-10, -9.8345e-10, -9.8345e-10,
        -9.8345e-10, -9.8345e-10, -9.8345e-10, -9.8345e-10, -9.8345e-10,
        -9.8345e-10])
layer 8
tensor([[-0.0007, -0.0007, -0.0007, -0.0007, -0.0007, -0.0007, -0.0007, -0.0007,
         -0.0007, -0.0007, -0.0007, -0.0007, -0.0007, -0.0007, -0.0007, -0.0007,
         -0.0007, -0.0007, -0.0007, -0.0007, -0.0007],
        [-0.0007, -0.0007, -0.0007, -0.0007, -0.0007, -0.0007, -0.0007, -0.0007,
         -0.0007, -0.0007, -0.0007, -0.0007, -0.0007, -0.0007, -0.0007, -0.0007,
         -0.0007, -0.0007, -0.0007, -0.0007, -0.0007],
        [-0.0007, -0.0007, -0.0007, -0.0007, -0.0007, -0.0007, -0.0007, -0.0007,
         -0.0007, -0.0007, -0.0007, -0.0007, -0.0007, -0.0007, -0.0007, -0.0007,
         -0.0007, -0.0007, -0.0007, -0.0007, -0.0007],
        [-0.0007, -0.0007, -0.0007, -0.0007, -0.0007, -0.0007, -0.0007, -0.0007,
         -0.0007, -0.0007, -0.0007, -0.0007, -0.0007, -0.0007, -0.0007, -0.0007,
         -0.0007, -0.0007, -0.0007, -0.0007, -0.0007],
        [-0.0007, -0.0007, -0.0007, -0.0007, -0.0007, -0.0007, -0.0007, -0.0007,
         -0.0007, -0.0007, -0.0007, -0.0007, -0.0007, -0.0007, -0.0007, -0.0007,
         -0.0007, -0.0007, -0.0007, -0.0007, -0.0007],
        [-0.0007, -0.0007, -0.0007, -0.0007, -0.0007, -0.0007, -0.0007, -0.0007,
         -0.0007, -0.0007, -0.0007, -0.0007, -0.0007, -0.0007, -0.0007, -0.0007,
         -0.0007, -0.0007, -0.0007, -0.0007, -0.0007],
        [-0.0007, -0.0007, -0.0007, -0.0007, -0.0007, -0.0007, -0.0007, -0.0007,
         -0.0007, -0.0007, -0.0007, -0.0007, -0.0007, -0.0007, -0.0007, -0.0007,
         -0.0007, -0.0007, -0.0007, -0.0007, -0.0007],
        [-0.0007, -0.0007, -0.0007, -0.0007, -0.0007, -0.0007, -0.0007, -0.0007,
         -0.0007, -0.0007, -0.0007, -0.0007, -0.0007, -0.0007, -0.0007, -0.0007,
         -0.0007, -0.0007, -0.0007, -0.0007, -0.0007],
        [-0.0007, -0.0007, -0.0007, -0.0007, -0.0007, -0.0007, -0.0007, -0.0007,
         -0.0007, -0.0007, -0.0007, -0.0007, -0.0007, -0.0007, -0.0007, -0.0007,
         -0.0007, -0.0007, -0.0007, -0.0007, -0.0007],
        [-0.0007, -0.0007, -0.0007, -0.0007, -0.0007, -0.0007, -0.0007, -0.0007,
         -0.0007, -0.0007, -0.0007, -0.0007, -0.0007, -0.0007, -0.0007, -0.0007,
         -0.0007, -0.0007, -0.0007, -0.0007, -0.0007],
        [-0.0007, -0.0007, -0.0007, -0.0007, -0.0007, -0.0007, -0.0007, -0.0007,
         -0.0007, -0.0007, -0.0007, -0.0007, -0.0007, -0.0007, -0.0007, -0.0007,
         -0.0007, -0.0007, -0.0007, -0.0007, -0.0007],
        [-0.0007, -0.0007, -0.0007, -0.0007, -0.0007, -0.0007, -0.0007, -0.0007,
         -0.0007, -0.0007, -0.0007, -0.0007, -0.0007, -0.0007, -0.0007, -0.0007,
         -0.0007, -0.0007, -0.0007, -0.0007, -0.0007],
        [-0.0007, -0.0007, -0.0007, -0.0007, -0.0007, -0.0007, -0.0007, -0.0007,
         -0.0007, -0.0007, -0.0007, -0.0007, -0.0007, -0.0007, -0.0007, -0.0007,
         -0.0007, -0.0007, -0.0007, -0.0007, -0.0007],
        [-0.0007, -0.0007, -0.0007, -0.0007, -0.0007, -0.0007, -0.0007, -0.0007,
         -0.0007, -0.0007, -0.0007, -0.0007, -0.0007, -0.0007, -0.0007, -0.0007,
         -0.0007, -0.0007, -0.0007, -0.0007, -0.0007],
        [-0.0007, -0.0007, -0.0007, -0.0007, -0.0007, -0.0007, -0.0007, -0.0007,
         -0.0007, -0.0007, -0.0007, -0.0007, -0.0007, -0.0007, -0.0007, -0.0007,
         -0.0007, -0.0007, -0.0007, -0.0007, -0.0007],
        [-0.0007, -0.0007, -0.0007, -0.0007, -0.0007, -0.0007, -0.0007, -0.0007,
         -0.0007, -0.0007, -0.0007, -0.0007, -0.0007, -0.0007, -0.0007, -0.0007,
         -0.0007, -0.0007, -0.0007, -0.0007, -0.0007],
        [-0.0007, -0.0007, -0.0007, -0.0007, -0.0007, -0.0007, -0.0007, -0.0007,
         -0.0007, -0.0007, -0.0007, -0.0007, -0.0007, -0.0007, -0.0007, -0.0007,
         -0.0007, -0.0007, -0.0007, -0.0007, -0.0007],
        [-0.0007, -0.0007, -0.0007, -0.0007, -0.0007, -0.0007, -0.0007, -0.0007,
         -0.0007, -0.0007, -0.0007, -0.0007, -0.0007, -0.0007, -0.0007, -0.0007,
         -0.0007, -0.0007, -0.0007, -0.0007, -0.0007],
        [-0.0007, -0.0007, -0.0007, -0.0007, -0.0007, -0.0007, -0.0007, -0.0007,
         -0.0007, -0.0007, -0.0007, -0.0007, -0.0007, -0.0007, -0.0007, -0.0007,
         -0.0007, -0.0007, -0.0007, -0.0007, -0.0007],
        [-0.0007, -0.0007, -0.0007, -0.0007, -0.0007, -0.0007, -0.0007, -0.0007,
         -0.0007, -0.0007, -0.0007, -0.0007, -0.0007, -0.0007, -0.0007, -0.0007,
         -0.0007, -0.0007, -0.0007, -0.0007, -0.0007],
        [-0.0007, -0.0007, -0.0007, -0.0007, -0.0007, -0.0007, -0.0007, -0.0007,
         -0.0007, -0.0007, -0.0007, -0.0007, -0.0007, -0.0007, -0.0007, -0.0007,
         -0.0007, -0.0007, -0.0007, -0.0007, -0.0007]])
tensor([-0.0007, -0.0007, -0.0007, -0.0007, -0.0007, -0.0007, -0.0007, -0.0007,
        -0.0007, -0.0007, -0.0007, -0.0007, -0.0007, -0.0007, -0.0007, -0.0007,
        -0.0007, -0.0007, -0.0007, -0.0007, -0.0007])
layer 9
tensor([[1.5004],
        [1.5004],
        [1.5004],
        [1.5004],
        [1.5004],
        [1.5004],
        [1.5004],
        [1.5004],
        [1.5004],
        [1.5004],
        [1.5004],
        [1.5004],
        [1.5004],
        [1.5004],
        [1.5004],
        [1.5004],
        [1.5004],
        [1.5004],
        [1.5004],
        [1.5004],
        [1.5004]])
tensor([1.5004])
