[layer 0]
tensor([[3.1237e+17, 3.5118e+17, 2.9612e+17, 2.4467e+17, 3.0359e+17, 2.5817e+17,
         2.8923e+17, 2.9902e+17, 2.7054e+17, 2.9944e+17, 2.6682e+17, 3.0496e+17,
         2.2183e+17, 3.4379e+17, 2.2795e+17, 3.0476e+17, 3.0529e+17, 2.4003e+17,
         2.9684e+17, 3.4278e+17, 3.1691e+17],
        [6.7525e+16, 7.5916e+16, 6.4013e+16, 5.2891e+16, 6.5629e+16, 5.5809e+16,
         6.2524e+16, 6.4639e+16, 5.8483e+16, 6.4731e+16, 5.7679e+16, 6.5923e+16,
         4.7955e+16, 7.4319e+16, 4.9276e+16, 6.5881e+16, 6.5996e+16, 5.1889e+16,
         6.4170e+16, 7.4099e+16, 6.8509e+16],
        [3.7747e+17, 4.2437e+17, 3.5783e+17, 2.9566e+17, 3.6687e+17, 3.1197e+17,
         3.4951e+17, 3.6133e+17, 3.2692e+17, 3.6185e+17, 3.2243e+17, 3.6851e+17,
         2.6807e+17, 4.1544e+17, 2.7545e+17, 3.6828e+17, 3.6892e+17, 2.9006e+17,
         3.5871e+17, 4.1422e+17, 3.8296e+17],
        [7.4504e+16, 8.3763e+16, 7.0629e+16, 5.8358e+16, 7.2413e+16, 6.1577e+16,
         6.8986e+16, 7.1320e+16, 6.4528e+16, 7.1422e+16, 6.3641e+16, 7.2737e+16,
         5.2911e+16, 8.2000e+16, 5.4369e+16, 7.2691e+16, 7.2817e+16, 5.7252e+16,
         7.0802e+16, 8.1758e+16, 7.5590e+16],
        [3.1749e+17, 3.5694e+17, 3.0098e+17, 2.4868e+17, 3.0857e+17, 2.6240e+17,
         2.9397e+17, 3.0392e+17, 2.7498e+17, 3.0435e+17, 2.7120e+17, 3.0996e+17,
         2.2547e+17, 3.4943e+17, 2.3168e+17, 3.0976e+17, 3.1030e+17, 2.4397e+17,
         3.0171e+17, 3.4840e+17, 3.2211e+17],
        [1.8115e+17, 2.0367e+17, 1.7173e+17, 1.4189e+17, 1.7607e+17, 1.4972e+17,
         1.6774e+17, 1.7341e+17, 1.5690e+17, 1.7366e+17, 1.5474e+17, 1.7686e+17,
         1.2865e+17, 1.9938e+17, 1.3219e+17, 1.7674e+17, 1.7705e+17, 1.3920e+17,
         1.7215e+17, 1.9879e+17, 1.8379e+17],
        [3.7850e+17, 4.2553e+17, 3.5881e+17, 2.9647e+17, 3.6787e+17, 3.1282e+17,
         3.5046e+17, 3.6232e+17, 3.2781e+17, 3.6284e+17, 3.2331e+17, 3.6952e+17,
         2.6880e+17, 4.1658e+17, 2.7620e+17, 3.6928e+17, 3.6992e+17, 2.9085e+17,
         3.5969e+17, 4.1535e+17, 3.8401e+17],
        [5.2002e+17, 5.8464e+17, 4.9297e+17, 4.0732e+17, 5.0542e+17, 4.2979e+17,
         4.8150e+17, 4.9779e+17, 4.5038e+17, 4.9850e+17, 4.4419e+17, 5.0768e+17,
         3.6930e+17, 5.7234e+17, 3.7948e+17, 5.0736e+17, 5.0824e+17, 3.9960e+17,
         4.9418e+17, 5.7065e+17, 5.2759e+17],
        [1.6116e+17, 1.8119e+17, 1.5278e+17, 1.2623e+17, 1.5664e+17, 1.3320e+17,
         1.4923e+17, 1.5427e+17, 1.3958e+17, 1.5449e+17, 1.3766e+17, 1.5734e+17,
         1.1445e+17, 1.7738e+17, 1.1761e+17, 1.5724e+17, 1.5751e+17, 1.2384e+17,
         1.5315e+17, 1.7685e+17, 1.6351e+17],
        [4.0467e+17, 4.5495e+17, 3.8362e+17, 3.1697e+17, 3.9330e+17, 3.3445e+17,
         3.7470e+17, 3.8737e+17, 3.5048e+17, 3.8792e+17, 3.4566e+17, 3.9507e+17,
         2.8738e+17, 4.4538e+17, 2.9530e+17, 3.9482e+17, 3.9550e+17, 3.1096e+17,
         3.8456e+17, 4.4406e+17, 4.1056e+17]])
tensor([6.4158e+17, 7.2131e+17, 6.0821e+17, 5.0254e+17, 6.2357e+17, 5.3026e+17,
        5.9406e+17, 6.1416e+17, 5.5567e+17, 6.1504e+17, 5.4803e+17, 6.2636e+17,
        4.5563e+17, 7.0613e+17, 4.6819e+17, 6.2596e+17, 6.2705e+17, 4.9301e+17,
        6.0970e+17, 7.0404e+17, 6.5093e+17])
[layer 1]
tensor([[1.0300e+17, 1.2044e+17, 9.2483e+16, 9.0754e+16, 1.1438e+17, 9.4355e+16,
         9.7461e+16, 7.6649e+16, 1.1803e+17, 1.0083e+17, 9.2789e+16, 1.0416e+17,
         1.0009e+17, 1.1501e+17, 1.0865e+17, 1.1401e+17, 8.7933e+16, 1.0152e+17,
         1.4741e+17, 8.5957e+16, 1.0762e+17],
        [1.7050e+17, 1.9937e+17, 1.5309e+17, 1.5023e+17, 1.8934e+17, 1.5619e+17,
         1.6133e+17, 1.2688e+17, 1.9537e+17, 1.6690e+17, 1.5359e+17, 1.7241e+17,
         1.6568e+17, 1.9038e+17, 1.7984e+17, 1.8872e+17, 1.4556e+17, 1.6805e+17,
         2.4400e+17, 1.4229e+17, 1.7815e+17],
        [1.7279e+17, 2.0205e+17, 1.5514e+17, 1.5224e+17, 1.9188e+17, 1.5828e+17,
         1.6349e+17, 1.2858e+17, 1.9800e+17, 1.6914e+17, 1.5566e+17, 1.7473e+17,
         1.6790e+17, 1.9294e+17, 1.8226e+17, 1.9125e+17, 1.4751e+17, 1.7030e+17,
         2.4728e+17, 1.4420e+17, 1.8054e+17],
        [1.0301e+17, 1.2045e+17, 9.2487e+16, 9.0757e+16, 1.1439e+17, 9.4358e+16,
         9.7464e+16, 7.6651e+16, 1.1803e+17, 1.0083e+17, 9.2792e+16, 1.0416e+17,
         1.0009e+17, 1.1502e+17, 1.0865e+17, 1.1401e+17, 8.7936e+16, 1.0152e+17,
         1.4741e+17, 8.5960e+16, 1.0763e+17],
        [1.4456e+17, 1.6904e+17, 1.2980e+17, 1.2737e+17, 1.6053e+17, 1.3242e+17,
         1.3678e+17, 1.0757e+17, 1.6565e+17, 1.4151e+17, 1.3023e+17, 1.4618e+17,
         1.4047e+17, 1.6142e+17, 1.5248e+17, 1.6001e+17, 1.2341e+17, 1.4248e+17,
         2.0688e+17, 1.2064e+17, 1.5104e+17],
        [1.9894e+17, 2.3262e+17, 1.7862e+17, 1.7528e+17, 2.2092e+17, 1.8224e+17,
         1.8823e+17, 1.4804e+17, 2.2796e+17, 1.9474e+17, 1.7921e+17, 2.0117e+17,
         1.9331e+17, 2.2214e+17, 2.0984e+17, 2.2019e+17, 1.6983e+17, 1.9607e+17,
         2.8470e+17, 1.6602e+17, 2.0786e+17],
        [1.8206e+17, 2.1288e+17, 1.6346e+17, 1.6041e+17, 2.0217e+17, 1.6677e+17,
         1.7226e+17, 1.3548e+17, 2.0861e+17, 1.7821e+17, 1.6400e+17, 1.8410e+17,
         1.7691e+17, 2.0329e+17, 1.9203e+17, 2.0151e+17, 1.5542e+17, 1.7943e+17,
         2.6054e+17, 1.5193e+17, 1.9022e+17],
        [1.8936e+17, 2.2141e+17, 1.7002e+17, 1.6684e+17, 2.1027e+17, 1.7346e+17,
         1.7917e+17, 1.4091e+17, 2.1698e+17, 1.8536e+17, 1.7058e+17, 1.9148e+17,
         1.8400e+17, 2.1143e+17, 1.9973e+17, 2.0958e+17, 1.6165e+17, 1.8663e+17,
         2.7098e+17, 1.5802e+17, 1.9784e+17],
        [1.7499e+17, 2.0462e+17, 1.5712e+17, 1.5418e+17, 1.9432e+17, 1.6030e+17,
         1.6557e+17, 1.3022e+17, 2.0052e+17, 1.7130e+17, 1.5764e+17, 1.7695e+17,
         1.7004e+17, 1.9539e+17, 1.8458e+17, 1.9368e+17, 1.4939e+17, 1.7247e+17,
         2.5042e+17, 1.4603e+17, 1.8283e+17],
        [1.6630e+17, 1.9446e+17, 1.4932e+17, 1.4653e+17, 1.8467e+17, 1.5234e+17,
         1.5735e+17, 1.2375e+17, 1.9056e+17, 1.6279e+17, 1.4981e+17, 1.6817e+17,
         1.6160e+17, 1.8569e+17, 1.7542e+17, 1.8407e+17, 1.4197e+17, 1.6391e+17,
         2.3799e+17, 1.3878e+17, 1.7376e+17],
        [1.6387e+17, 1.9161e+17, 1.4713e+17, 1.4438e+17, 1.8197e+17, 1.5011e+17,
         1.5505e+17, 1.2194e+17, 1.8778e+17, 1.6041e+17, 1.4762e+17, 1.6571e+17,
         1.5924e+17, 1.8298e+17, 1.7285e+17, 1.8138e+17, 1.3990e+17, 1.6151e+17,
         2.3451e+17, 1.3675e+17, 1.7122e+17],
        [1.7648e+17, 2.0636e+17, 1.5845e+17, 1.5549e+17, 1.9597e+17, 1.6166e+17,
         1.6698e+17, 1.3132e+17, 2.0222e+17, 1.7275e+17, 1.5898e+17, 1.7845e+17,
         1.7149e+17, 1.9706e+17, 1.8615e+17, 1.9533e+17, 1.5066e+17, 1.7394e+17,
         2.5255e+17, 1.4727e+17, 1.8439e+17],
        [1.1881e+17, 1.3893e+17, 1.0668e+17, 1.0468e+17, 1.3194e+17, 1.0884e+17,
         1.1242e+17, 8.8413e+16, 1.3614e+17, 1.1631e+17, 1.0703e+17, 1.2014e+17,
         1.1545e+17, 1.3267e+17, 1.2532e+17, 1.3151e+17, 1.0143e+17, 1.1710e+17,
         1.7003e+17, 9.9150e+16, 1.2414e+17],
        [1.3307e+17, 1.5560e+17, 1.1948e+17, 1.1725e+17, 1.4777e+17, 1.2190e+17,
         1.2591e+17, 9.9023e+16, 1.5248e+17, 1.3026e+17, 1.1988e+17, 1.3456e+17,
         1.2931e+17, 1.4859e+17, 1.4036e+17, 1.4729e+17, 1.1360e+17, 1.3115e+17,
         1.9044e+17, 1.1105e+17, 1.3904e+17],
        [1.5863e+17, 1.8549e+17, 1.4243e+17, 1.3977e+17, 1.7615e+17, 1.4531e+17,
         1.5009e+17, 1.1804e+17, 1.8177e+17, 1.5528e+17, 1.4290e+17, 1.6041e+17,
         1.5414e+17, 1.7713e+17, 1.6732e+17, 1.7558e+17, 1.3542e+17, 1.5635e+17,
         2.2701e+17, 1.3238e+17, 1.6574e+17],
        [1.3774e+17, 1.6106e+17, 1.2367e+17, 1.2136e+17, 1.5296e+17, 1.2618e+17,
         1.3033e+17, 1.0250e+17, 1.5783e+17, 1.3483e+17, 1.2408e+17, 1.3928e+17,
         1.3385e+17, 1.5380e+17, 1.4529e+17, 1.5246e+17, 1.1759e+17, 1.3576e+17,
         1.9712e+17, 1.1495e+17, 1.4392e+17],
        [1.5249e+17, 1.7831e+17, 1.3692e+17, 1.3436e+17, 1.6934e+17, 1.3969e+17,
         1.4429e+17, 1.1348e+17, 1.7474e+17, 1.4928e+17, 1.3737e+17, 1.5420e+17,
         1.4818e+17, 1.7028e+17, 1.6085e+17, 1.6879e+17, 1.3018e+17, 1.5030e+17,
         2.1823e+17, 1.2726e+17, 1.5933e+17],
        [1.5341e+17, 1.7938e+17, 1.3774e+17, 1.3516e+17, 1.7035e+17, 1.4053e+17,
         1.4515e+17, 1.1416e+17, 1.7579e+17, 1.5017e+17, 1.3820e+17, 1.5513e+17,
         1.4907e+17, 1.7130e+17, 1.6181e+17, 1.6980e+17, 1.3096e+17, 1.5120e+17,
         2.1954e+17, 1.2802e+17, 1.6029e+17],
        [1.5557e+17, 1.8191e+17, 1.3968e+17, 1.3707e+17, 1.7275e+17, 1.4251e+17,
         1.4720e+17, 1.1576e+17, 1.7826e+17, 1.5229e+17, 1.4014e+17, 1.5731e+17,
         1.5117e+17, 1.7371e+17, 1.6409e+17, 1.7219e+17, 1.3281e+17, 1.5333e+17,
         2.2263e+17, 1.2982e+17, 1.6254e+17],
        [2.0091e+17, 2.3493e+17, 1.8039e+17, 1.7702e+17, 2.2311e+17, 1.8404e+17,
         1.9010e+17, 1.4951e+17, 2.3022e+17, 1.9667e+17, 1.8099e+17, 2.0316e+17,
         1.9523e+17, 2.2434e+17, 2.1192e+17, 2.2238e+17, 1.7152e+17, 1.9802e+17,
         2.8752e+17, 1.6766e+17, 2.0992e+17],
        [1.4062e+17, 1.6442e+17, 1.2625e+17, 1.2389e+17, 1.5615e+17, 1.2881e+17,
         1.3305e+17, 1.0464e+17, 1.6113e+17, 1.3765e+17, 1.2667e+17, 1.4219e+17,
         1.3664e+17, 1.5701e+17, 1.4832e+17, 1.5564e+17, 1.2004e+17, 1.3859e+17,
         2.0123e+17, 1.1734e+17, 1.4692e+17]])
tensor([5.6716e+16, 6.6318e+16, 5.0923e+16, 4.9971e+16, 6.2981e+16, 5.1954e+16,
        5.3664e+16, 4.2204e+16, 6.4989e+16, 5.5519e+16, 5.1091e+16, 5.7351e+16,
        5.5111e+16, 6.3329e+16, 5.9823e+16, 6.2775e+16, 4.8418e+16, 5.5899e+16,
        8.1165e+16, 4.7330e+16, 5.9258e+16])
layer 2
tensor([[1.0410e+17, 1.4765e+17, 1.8132e+17, 1.3786e+17, 1.1938e+17, 1.6337e+17,
         1.1832e+17, 1.3039e+17, 1.3801e+17, 1.6182e+17, 1.4529e+17, 1.1666e+17,
         1.7408e+17, 1.2735e+17, 1.5009e+17, 1.2383e+17, 1.5200e+17, 1.2983e+17,
         1.3992e+17, 1.4254e+17, 1.2173e+17],
        [1.0852e+17, 1.5392e+17, 1.8903e+17, 1.4371e+17, 1.2446e+17, 1.7032e+17,
         1.2335e+17, 1.3594e+17, 1.4388e+17, 1.6869e+17, 1.5146e+17, 1.2162e+17,
         1.8148e+17, 1.3276e+17, 1.5647e+17, 1.2909e+17, 1.5846e+17, 1.3535e+17,
         1.4587e+17, 1.4860e+17, 1.2691e+17],
        [1.3168e+17, 1.8677e+17, 2.2936e+17, 1.7438e+17, 1.5101e+17, 2.0666e+17,
         1.4967e+17, 1.6494e+17, 1.7458e+17, 2.0469e+17, 1.8378e+17, 1.4757e+17,
         2.2021e+17, 1.6109e+17, 1.8986e+17, 1.5664e+17, 1.9227e+17, 1.6423e+17,
         1.7699e+17, 1.8031e+17, 1.5399e+17],
        [1.4166e+17, 2.0092e+17, 2.4675e+17, 1.8760e+17, 1.6246e+17, 2.2232e+17,
         1.6101e+17, 1.7744e+17, 1.8781e+17, 2.2020e+17, 1.9771e+17, 1.5875e+17,
         2.3690e+17, 1.7330e+17, 2.0425e+17, 1.6851e+17, 2.0684e+17, 1.7668e+17,
         1.9041e+17, 1.9398e+17, 1.6566e+17],
        [9.9740e+16, 1.4146e+17, 1.7373e+17, 1.3208e+17, 1.1438e+17, 1.5653e+17,
         1.1336e+17, 1.2493e+17, 1.3223e+17, 1.5504e+17, 1.3920e+17, 1.1177e+17,
         1.6679e+17, 1.2202e+17, 1.4381e+17, 1.1864e+17, 1.4563e+17, 1.2439e+17,
         1.3406e+17, 1.3657e+17, 1.1664e+17],
        [1.1753e+17, 1.6670e+17, 2.0471e+17, 1.5564e+17, 1.3478e+17, 1.8445e+17,
         1.3358e+17, 1.4722e+17, 1.5582e+17, 1.8269e+17, 1.6403e+17, 1.3171e+17,
         1.9654e+17, 1.4378e+17, 1.6946e+17, 1.3980e+17, 1.7161e+17, 1.4658e+17,
         1.5797e+17, 1.6093e+17, 1.3744e+17],
        [1.1451e+17, 1.6241e+17, 1.9945e+17, 1.5164e+17, 1.3132e+17, 1.7970e+17,
         1.3015e+17, 1.4343e+17, 1.5181e+17, 1.7799e+17, 1.5981e+17, 1.2832e+17,
         1.9148e+17, 1.4008e+17, 1.6510e+17, 1.3621e+17, 1.6719e+17, 1.4281e+17,
         1.5391e+17, 1.5679e+17, 1.3390e+17],
        [1.1163e+17, 1.5832e+17, 1.9443e+17, 1.4782e+17, 1.2801e+17, 1.7518e+17,
         1.2687e+17, 1.3982e+17, 1.4799e+17, 1.7351e+17, 1.5579e+17, 1.2509e+17,
         1.8667e+17, 1.3656e+17, 1.6094e+17, 1.3278e+17, 1.6299e+17, 1.3922e+17,
         1.5004e+17, 1.5285e+17, 1.3053e+17],
        [1.3718e+17, 1.9457e+17, 2.3895e+17, 1.8167e+17, 1.5732e+17, 2.1530e+17,
         1.5592e+17, 1.7184e+17, 1.8188e+17, 2.1324e+17, 1.9147e+17, 1.5373e+17,
         2.2941e+17, 1.6782e+17, 1.9780e+17, 1.6318e+17, 2.0031e+17, 1.7109e+17,
         1.8439e+17, 1.8785e+17, 1.6042e+17],
        [1.1535e+17, 1.6360e+17, 2.0091e+17, 1.5275e+17, 1.3228e+17, 1.8102e+17,
         1.3110e+17, 1.4448e+17, 1.5293e+17, 1.7930e+17, 1.6099e+17, 1.2926e+17,
         1.9289e+17, 1.4111e+17, 1.6631e+17, 1.3721e+17, 1.6842e+17, 1.4386e+17,
         1.5504e+17, 1.5794e+17, 1.3489e+17],
        [1.1481e+17, 1.6283e+17, 1.9997e+17, 1.5203e+17, 1.3166e+17, 1.8018e+17,
         1.3049e+17, 1.4381e+17, 1.5221e+17, 1.7846e+17, 1.6023e+17, 1.2866e+17,
         1.9199e+17, 1.4045e+17, 1.6553e+17, 1.3656e+17, 1.6763e+17, 1.4318e+17,
         1.5431e+17, 1.5720e+17, 1.3425e+17],
        [1.1553e+17, 1.6387e+17, 2.0124e+17, 1.5300e+17, 1.3249e+17, 1.8132e+17,
         1.3131e+17, 1.4472e+17, 1.5317e+17, 1.7959e+17, 1.6125e+17, 1.2947e+17,
         1.9320e+17, 1.4134e+17, 1.6658e+17, 1.3743e+17, 1.6869e+17, 1.4409e+17,
         1.5529e+17, 1.5820e+17, 1.3511e+17],
        [1.1978e+17, 1.6989e+17, 2.0864e+17, 1.5862e+17, 1.3737e+17, 1.8799e+17,
         1.3614e+17, 1.5004e+17, 1.5881e+17, 1.8619e+17, 1.6718e+17, 1.3423e+17,
         2.0031e+17, 1.4653e+17, 1.7270e+17, 1.4248e+17, 1.7490e+17, 1.4939e+17,
         1.6100e+17, 1.6402e+17, 1.4007e+17],
        [9.5528e+16, 1.3549e+17, 1.6639e+17, 1.2650e+17, 1.0955e+17, 1.4992e+17,
         1.0858e+17, 1.1966e+17, 1.2665e+17, 1.4849e+17, 1.3333e+17, 1.0705e+17,
         1.5975e+17, 1.1686e+17, 1.3773e+17, 1.1363e+17, 1.3948e+17, 1.1914e+17,
         1.2840e+17, 1.3081e+17, 1.1171e+17],
        [1.0871e+17, 1.5418e+17, 1.8935e+17, 1.4396e+17, 1.2467e+17, 1.7060e+17,
         1.2355e+17, 1.3616e+17, 1.4412e+17, 1.6898e+17, 1.5172e+17, 1.2182e+17,
         1.8179e+17, 1.3299e+17, 1.5674e+17, 1.2931e+17, 1.5872e+17, 1.3558e+17,
         1.4611e+17, 1.4885e+17, 1.2712e+17],
        [1.2451e+17, 1.7660e+17, 2.1688e+17, 1.6489e+17, 1.4279e+17, 1.9541e+17,
         1.4152e+17, 1.5596e+17, 1.6508e+17, 1.9355e+17, 1.7378e+17, 1.3953e+17,
         2.0822e+17, 1.5232e+17, 1.7953e+17, 1.4811e+17, 1.8180e+17, 1.5529e+17,
         1.6736e+17, 1.7050e+17, 1.4561e+17],
        [1.2206e+17, 1.7312e+17, 2.1260e+17, 1.6163e+17, 1.3997e+17, 1.9155e+17,
         1.3873e+17, 1.5289e+17, 1.6182e+17, 1.8973e+17, 1.7035e+17, 1.3678e+17,
         2.0411e+17, 1.4932e+17, 1.7598e+17, 1.4519e+17, 1.7822e+17, 1.5222e+17,
         1.6406e+17, 1.6713e+17, 1.4273e+17],
        [1.0017e+17, 1.4208e+17, 1.7448e+17, 1.3266e+17, 1.1488e+17, 1.5721e+17,
         1.1386e+17, 1.2548e+17, 1.3281e+17, 1.5571e+17, 1.3981e+17, 1.1226e+17,
         1.6752e+17, 1.2255e+17, 1.4443e+17, 1.1916e+17, 1.4627e+17, 1.2493e+17,
         1.3465e+17, 1.3717e+17, 1.1714e+17],
        [1.2572e+17, 1.7831e+17, 2.1898e+17, 1.6649e+17, 1.4418e+17, 1.9730e+17,
         1.4289e+17, 1.5747e+17, 1.6668e+17, 1.9542e+17, 1.7546e+17, 1.4089e+17,
         2.1024e+17, 1.5380e+17, 1.8126e+17, 1.4955e+17, 1.8357e+17, 1.5679e+17,
         1.6898e+17, 1.7215e+17, 1.4702e+17],
        [1.2577e+17, 1.7839e+17, 2.1907e+17, 1.6656e+17, 1.4424e+17, 1.9739e+17,
         1.4295e+17, 1.5754e+17, 1.6675e+17, 1.9550e+17, 1.7554e+17, 1.4095e+17,
         2.1033e+17, 1.5386e+17, 1.8134e+17, 1.4961e+17, 1.8364e+17, 1.5686e+17,
         1.6905e+17, 1.7222e+17, 1.4708e+17],
        [1.1968e+17, 1.6975e+17, 2.0846e+17, 1.5849e+17, 1.3725e+17, 1.8783e+17,
         1.3603e+17, 1.4991e+17, 1.5867e+17, 1.8604e+17, 1.6704e+17, 1.3412e+17,
         2.0014e+17, 1.4641e+17, 1.7256e+17, 1.4237e+17, 1.7475e+17, 1.4927e+17,
         1.6087e+17, 1.6388e+17, 1.3996e+17]])
tensor([3.9441e+15, 5.5940e+15, 6.8698e+15, 5.2230e+15, 4.5231e+15, 6.1898e+15,
        4.4828e+15, 4.9403e+15, 5.2290e+15, 6.1308e+15, 5.5047e+15, 4.4199e+15,
        6.5956e+15, 4.8250e+15, 5.6867e+15, 4.6916e+15, 5.7588e+15, 4.9189e+15,
        5.3013e+15, 5.4006e+15, 4.6122e+15])
layer 3
tensor([[1.5059e+17, 1.1982e+17, 1.6302e+17, 1.4367e+17, 1.4064e+17, 1.6674e+17,
         1.3715e+17, 1.8278e+17, 1.3777e+17, 1.2146e+17, 1.2629e+17, 1.1230e+17,
         1.4140e+17, 1.1270e+17, 1.4469e+17, 1.4928e+17, 1.2150e+17, 1.4117e+17,
         1.7972e+17, 1.4649e+17, 1.6507e+17],
        [1.5590e+17, 1.2405e+17, 1.6877e+17, 1.4874e+17, 1.4560e+17, 1.7262e+17,
         1.4200e+17, 1.8923e+17, 1.4263e+17, 1.2575e+17, 1.3074e+17, 1.1626e+17,
         1.4639e+17, 1.1668e+17, 1.4980e+17, 1.5454e+17, 1.2579e+17, 1.4615e+17,
         1.8606e+17, 1.5166e+17, 1.7090e+17],
        [1.8026e+17, 1.4343e+17, 1.9514e+17, 1.7198e+17, 1.6836e+17, 1.9960e+17,
         1.6419e+17, 2.1881e+17, 1.6492e+17, 1.4540e+17, 1.5117e+17, 1.3443e+17,
         1.6926e+17, 1.3491e+17, 1.7321e+17, 1.7869e+17, 1.4544e+17, 1.6899e+17,
         2.1513e+17, 1.7536e+17, 1.9760e+17],
        [1.7925e+17, 1.4262e+17, 1.9404e+17, 1.7101e+17, 1.6741e+17, 1.9848e+17,
         1.6326e+17, 2.1757e+17, 1.6399e+17, 1.4458e+17, 1.5032e+17, 1.3367e+17,
         1.6831e+17, 1.3415e+17, 1.7223e+17, 1.7769e+17, 1.4462e+17, 1.6803e+17,
         2.1392e+17, 1.7437e+17, 1.9649e+17],
        [1.7728e+17, 1.4106e+17, 1.9192e+17, 1.6914e+17, 1.6557e+17, 1.9630e+17,
         1.6147e+17, 2.1519e+17, 1.6220e+17, 1.4300e+17, 1.4868e+17, 1.3221e+17,
         1.6647e+17, 1.3268e+17, 1.7035e+17, 1.7574e+17, 1.4304e+17, 1.6620e+17,
         2.1158e+17, 1.7246e+17, 1.9434e+17],
        [2.0794e+17, 1.6546e+17, 2.2511e+17, 1.9839e+17, 1.9421e+17, 2.3025e+17,
         1.8940e+17, 2.5240e+17, 1.9025e+17, 1.6773e+17, 1.7439e+17, 1.5507e+17,
         1.9525e+17, 1.5563e+17, 1.9980e+17, 2.0613e+17, 1.6777e+17, 1.9494e+17,
         2.4817e+17, 2.0228e+17, 2.2795e+17],
        [1.7742e+17, 1.4117e+17, 1.9207e+17, 1.6927e+17, 1.6570e+17, 1.9646e+17,
         1.6160e+17, 2.1536e+17, 1.6232e+17, 1.4311e+17, 1.4879e+17, 1.3231e+17,
         1.6660e+17, 1.3278e+17, 1.7048e+17, 1.7588e+17, 1.4315e+17, 1.6633e+17,
         2.1174e+17, 1.7260e+17, 1.9449e+17],
        [1.8281e+17, 1.4546e+17, 1.9790e+17, 1.7441e+17, 1.7073e+17, 2.0242e+17,
         1.6651e+17, 2.2190e+17, 1.6725e+17, 1.4745e+17, 1.5331e+17, 1.3633e+17,
         1.7166e+17, 1.3682e+17, 1.7565e+17, 1.8122e+17, 1.4750e+17, 1.7138e+17,
         2.1817e+17, 1.7784e+17, 2.0040e+17],
        [1.6971e+17, 1.3504e+17, 1.8372e+17, 1.6192e+17, 1.5850e+17, 1.8792e+17,
         1.5458e+17, 2.0600e+17, 1.5527e+17, 1.3689e+17, 1.4233e+17, 1.2656e+17,
         1.5936e+17, 1.2702e+17, 1.6307e+17, 1.6824e+17, 1.3693e+17, 1.5910e+17,
         2.0255e+17, 1.6510e+17, 1.8604e+17],
        [1.6488e+17, 1.3119e+17, 1.7849e+17, 1.5730e+17, 1.5399e+17, 1.8257e+17,
         1.5017e+17, 2.0013e+17, 1.5085e+17, 1.3299e+17, 1.3827e+17, 1.2295e+17,
         1.5482e+17, 1.2340e+17, 1.5842e+17, 1.6344e+17, 1.3303e+17, 1.5456e+17,
         1.9677e+17, 1.6039e+17, 1.8074e+17],
        [1.4002e+17, 1.1141e+17, 1.5157e+17, 1.3358e+17, 1.3077e+17, 1.5504e+17,
         1.2753e+17, 1.6995e+17, 1.2810e+17, 1.1294e+17, 1.1742e+17, 1.0441e+17,
         1.3147e+17, 1.0479e+17, 1.3454e+17, 1.3880e+17, 1.1297e+17, 1.3126e+17,
         1.6710e+17, 1.3621e+17, 1.5349e+17],
        [1.1447e+17, 9.1081e+16, 1.2392e+17, 1.0921e+17, 1.0691e+17, 1.2675e+17,
         1.0426e+17, 1.3894e+17, 1.0473e+17, 9.2330e+16, 9.5997e+16, 8.5363e+16,
         1.0748e+17, 8.5669e+16, 1.0999e+17, 1.1347e+17, 9.2357e+16, 1.0731e+17,
         1.3661e+17, 1.1135e+17, 1.2548e+17],
        [1.8590e+17, 1.4792e+17, 2.0124e+17, 1.7736e+17, 1.7362e+17, 2.0584e+17,
         1.6932e+17, 2.2565e+17, 1.7008e+17, 1.4994e+17, 1.5590e+17, 1.3863e+17,
         1.7455e+17, 1.3913e+17, 1.7862e+17, 1.8428e+17, 1.4999e+17, 1.7427e+17,
         2.2186e+17, 1.8084e+17, 2.0378e+17],
        [1.7881e+17, 1.4228e+17, 1.9357e+17, 1.7060e+17, 1.6700e+17, 1.9799e+17,
         1.6286e+17, 2.1704e+17, 1.6359e+17, 1.4423e+17, 1.4996e+17, 1.3335e+17,
         1.6790e+17, 1.3382e+17, 1.7181e+17, 1.7726e+17, 1.4427e+17, 1.6763e+17,
         2.1340e+17, 1.7395e+17, 1.9601e+17],
        [1.7472e+17, 1.3902e+17, 1.8915e+17, 1.6670e+17, 1.6318e+17, 1.9347e+17,
         1.5914e+17, 2.1208e+17, 1.5985e+17, 1.4093e+17, 1.4653e+17, 1.3030e+17,
         1.6406e+17, 1.3076e+17, 1.6788e+17, 1.7320e+17, 1.4097e+17, 1.6379e+17,
         2.0852e+17, 1.6997e+17, 1.9153e+17],
        [1.5081e+17, 1.2000e+17, 1.6326e+17, 1.4389e+17, 1.4085e+17, 1.6699e+17,
         1.3736e+17, 1.8306e+17, 1.3798e+17, 1.2165e+17, 1.2648e+17, 1.1247e+17,
         1.4161e+17, 1.1287e+17, 1.4491e+17, 1.4950e+17, 1.2168e+17, 1.4138e+17,
         1.7999e+17, 1.4671e+17, 1.6532e+17],
        [1.4052e+17, 1.1181e+17, 1.5212e+17, 1.3407e+17, 1.3124e+17, 1.5560e+17,
         1.2799e+17, 1.7057e+17, 1.2857e+17, 1.1335e+17, 1.1785e+17, 1.0479e+17,
         1.3195e+17, 1.0517e+17, 1.3502e+17, 1.3930e+17, 1.1338e+17, 1.3173e+17,
         1.6771e+17, 1.3670e+17, 1.5404e+17],
        [1.6265e+17, 1.2942e+17, 1.7608e+17, 1.5518e+17, 1.5191e+17, 1.8010e+17,
         1.4815e+17, 1.9743e+17, 1.4881e+17, 1.3120e+17, 1.3641e+17, 1.2130e+17,
         1.5273e+17, 1.2173e+17, 1.5629e+17, 1.6124e+17, 1.3123e+17, 1.5248e+17,
         1.9412e+17, 1.5823e+17, 1.7830e+17],
        [1.7930e+17, 1.4266e+17, 1.9410e+17, 1.7106e+17, 1.6745e+17, 1.9853e+17,
         1.6331e+17, 2.1763e+17, 1.6404e+17, 1.4462e+17, 1.5036e+17, 1.3371e+17,
         1.6836e+17, 1.3419e+17, 1.7228e+17, 1.7774e+17, 1.4466e+17, 1.6808e+17,
         2.1398e+17, 1.7442e+17, 1.9655e+17],
        [1.9040e+17, 1.5150e+17, 2.0611e+17, 1.8165e+17, 1.7782e+17, 2.1082e+17,
         1.7342e+17, 2.3111e+17, 1.7419e+17, 1.5357e+17, 1.5967e+17, 1.4199e+17,
         1.7878e+17, 1.4249e+17, 1.8294e+17, 1.8874e+17, 1.5362e+17, 1.7849e+17,
         2.2723e+17, 1.8522e+17, 2.0871e+17],
        [1.6104e+17, 1.2814e+17, 1.7433e+17, 1.5364e+17, 1.5040e+17, 1.7832e+17,
         1.4668e+17, 1.9547e+17, 1.4734e+17, 1.2990e+17, 1.3505e+17, 1.2009e+17,
         1.5121e+17, 1.2052e+17, 1.5474e+17, 1.5964e+17, 1.2993e+17, 1.5097e+17,
         1.9219e+17, 1.5666e+17, 1.7653e+17]])
tensor([5.2777e+14, 4.1994e+14, 5.7134e+14, 5.0353e+14, 4.9291e+14, 5.8439e+14,
        4.8070e+14, 6.4062e+14, 4.8286e+14, 4.2570e+14, 4.4261e+14, 3.9358e+14,
        4.9557e+14, 3.9499e+14, 5.0711e+14, 5.2318e+14, 4.2582e+14, 4.9476e+14,
        6.2987e+14, 5.1341e+14, 5.7854e+14])
layer 4
tensor([[1.6078e+17, 1.5767e+17, 1.7188e+17, 1.5574e+17, 1.5218e+17, 1.6345e+17,
         1.7820e+17, 1.5295e+17, 1.1538e+17, 1.3008e+17, 1.1024e+17, 1.4341e+17,
         1.5510e+17, 1.0642e+17, 1.2364e+17, 1.4740e+17, 1.6823e+17, 1.6080e+17,
         1.6815e+17, 1.1309e+17, 1.5312e+17],
        [1.6301e+17, 1.5986e+17, 1.7427e+17, 1.5790e+17, 1.5429e+17, 1.6572e+17,
         1.8068e+17, 1.5507e+17, 1.1698e+17, 1.3189e+17, 1.1177e+17, 1.4540e+17,
         1.5726e+17, 1.0790e+17, 1.2535e+17, 1.4944e+17, 1.7057e+17, 1.6303e+17,
         1.7048e+17, 1.1466e+17, 1.5524e+17],
        [1.8770e+17, 1.8406e+17, 2.0066e+17, 1.8181e+17, 1.7765e+17, 1.9081e+17,
         2.0804e+17, 1.7855e+17, 1.3469e+17, 1.5186e+17, 1.2869e+17, 1.6742e+17,
         1.8107e+17, 1.2424e+17, 1.4433e+17, 1.7207e+17, 1.9639e+17, 1.8772e+17,
         1.9630e+17, 1.3202e+17, 1.7875e+17],
        [1.7042e+17, 1.6713e+17, 1.8219e+17, 1.6508e+17, 1.6130e+17, 1.7325e+17,
         1.8889e+17, 1.6212e+17, 1.2230e+17, 1.3789e+17, 1.1685e+17, 1.5201e+17,
         1.6441e+17, 1.1280e+17, 1.3105e+17, 1.5624e+17, 1.7832e+17, 1.7045e+17,
         1.7823e+17, 1.1988e+17, 1.6230e+17],
        [1.6815e+17, 1.6490e+17, 1.7977e+17, 1.6288e+17, 1.5915e+17, 1.7095e+17,
         1.8638e+17, 1.5996e+17, 1.2067e+17, 1.3605e+17, 1.1529e+17, 1.4999e+17,
         1.6221e+17, 1.1130e+17, 1.2931e+17, 1.5416e+17, 1.7594e+17, 1.6817e+17,
         1.7586e+17, 1.1828e+17, 1.6014e+17],
        [1.8759e+17, 1.8396e+17, 2.0054e+17, 1.8171e+17, 1.7755e+17, 1.9070e+17,
         2.0792e+17, 1.7845e+17, 1.3461e+17, 1.5177e+17, 1.2862e+17, 1.6732e+17,
         1.8096e+17, 1.2416e+17, 1.4425e+17, 1.7197e+17, 1.9628e+17, 1.8761e+17,
         1.9618e+17, 1.3195e+17, 1.7865e+17],
        [1.9366e+17, 1.8991e+17, 2.0703e+17, 1.8759e+17, 1.8329e+17, 1.9687e+17,
         2.1464e+17, 1.8422e+17, 1.3897e+17, 1.5668e+17, 1.3278e+17, 1.7274e+17,
         1.8682e+17, 1.2818e+17, 1.4892e+17, 1.7754e+17, 2.0263e+17, 1.9368e+17,
         2.0253e+17, 1.3622e+17, 1.8443e+17],
        [1.7287e+17, 1.6952e+17, 1.8481e+17, 1.6745e+17, 1.6362e+17, 1.7574e+17,
         1.9160e+17, 1.6445e+17, 1.2405e+17, 1.3986e+17, 1.1853e+17, 1.5419e+17,
         1.6676e+17, 1.1442e+17, 1.3293e+17, 1.5848e+17, 1.8088e+17, 1.7289e+17,
         1.8079e+17, 1.2160e+17, 1.6463e+17],
        [1.8524e+17, 1.8165e+17, 1.9803e+17, 1.7943e+17, 1.7533e+17, 1.8832e+17,
         2.0532e+17, 1.7622e+17, 1.3293e+17, 1.4987e+17, 1.2701e+17, 1.6523e+17,
         1.7870e+17, 1.2261e+17, 1.4245e+17, 1.6982e+17, 1.9382e+17, 1.8526e+17,
         1.9373e+17, 1.3030e+17, 1.7641e+17],
        [2.0540e+17, 2.0143e+17, 2.1959e+17, 1.9896e+17, 1.9441e+17, 2.0881e+17,
         2.2766e+17, 1.9540e+17, 1.4740e+17, 1.6618e+17, 1.4083e+17, 1.8321e+17,
         1.9815e+17, 1.3596e+17, 1.5795e+17, 1.8830e+17, 2.1492e+17, 2.0543e+17,
         2.1481e+17, 1.4448e+17, 1.9561e+17],
        [1.8439e+17, 1.8082e+17, 1.9712e+17, 1.7861e+17, 1.7452e+17, 1.8745e+17,
         2.0437e+17, 1.7540e+17, 1.3232e+17, 1.4918e+17, 1.2642e+17, 1.6447e+17,
         1.7787e+17, 1.2205e+17, 1.4179e+17, 1.6904e+17, 1.9293e+17, 1.8441e+17,
         1.9284e+17, 1.2970e+17, 1.7560e+17],
        [1.5048e+17, 1.4757e+17, 1.6087e+17, 1.4576e+17, 1.4243e+17, 1.5298e+17,
         1.6679e+17, 1.4315e+17, 1.0798e+17, 1.2175e+17, 1.0317e+17, 1.3422e+17,
         1.4516e+17, 9.9602e+16, 1.1571e+17, 1.3795e+17, 1.5745e+17, 1.5050e+17,
         1.5737e+17, 1.0585e+17, 1.4331e+17],
        [2.1211e+17, 2.0800e+17, 2.2676e+17, 2.0546e+17, 2.0076e+17, 2.1563e+17,
         2.3509e+17, 2.0178e+17, 1.5221e+17, 1.7161e+17, 1.4543e+17, 1.8919e+17,
         2.0462e+17, 1.4039e+17, 1.6311e+17, 1.9445e+17, 2.2193e+17, 2.1213e+17,
         2.2183e+17, 1.4920e+17, 2.0200e+17],
        [2.2256e+17, 2.1825e+17, 2.3793e+17, 2.1558e+17, 2.1064e+17, 2.2625e+17,
         2.4667e+17, 2.1171e+17, 1.5971e+17, 1.8006e+17, 1.5259e+17, 1.9851e+17,
         2.1469e+17, 1.4731e+17, 1.7114e+17, 2.0403e+17, 2.3286e+17, 2.2258e+17,
         2.3275e+17, 1.5654e+17, 2.1195e+17],
        [2.0044e+17, 1.9656e+17, 2.1428e+17, 1.9415e+17, 1.8971e+17, 2.0376e+17,
         2.2216e+17, 1.9067e+17, 1.4383e+17, 1.6217e+17, 1.3743e+17, 1.7878e+17,
         1.9336e+17, 1.3267e+17, 1.5413e+17, 1.8375e+17, 2.0972e+17, 2.0046e+17,
         2.0962e+17, 1.4099e+17, 1.9088e+17],
        [1.4558e+17, 1.4276e+17, 1.5563e+17, 1.4102e+17, 1.3779e+17, 1.4800e+17,
         1.6136e+17, 1.3849e+17, 1.0447e+17, 1.1778e+17, 9.9816e+16, 1.2985e+17,
         1.4044e+17, 9.6359e+16, 1.1195e+17, 1.3346e+17, 1.5232e+17, 1.4560e+17,
         1.5225e+17, 1.0240e+17, 1.3864e+17],
        [1.7818e+17, 1.7473e+17, 1.9049e+17, 1.7260e+17, 1.6865e+17, 1.8114e+17,
         1.9749e+17, 1.6950e+17, 1.2786e+17, 1.4416e+17, 1.2217e+17, 1.5893e+17,
         1.7189e+17, 1.1794e+17, 1.3702e+17, 1.6335e+17, 1.8644e+17, 1.7821e+17,
         1.8635e+17, 1.2533e+17, 1.6969e+17],
        [1.7384e+17, 1.7048e+17, 1.8585e+17, 1.6839e+17, 1.6454e+17, 1.7673e+17,
         1.9268e+17, 1.6538e+17, 1.2475e+17, 1.4065e+17, 1.1920e+17, 1.5506e+17,
         1.6770e+17, 1.1507e+17, 1.3368e+17, 1.5937e+17, 1.8190e+17, 1.7387e+17,
         1.8181e+17, 1.2228e+17, 1.6556e+17],
        [1.8904e+17, 1.8538e+17, 2.0209e+17, 1.8311e+17, 1.7892e+17, 1.9217e+17,
         2.0952e+17, 1.7983e+17, 1.3565e+17, 1.5294e+17, 1.2961e+17, 1.6861e+17,
         1.8236e+17, 1.2512e+17, 1.4536e+17, 1.7330e+17, 1.9779e+17, 1.8906e+17,
         1.9770e+17, 1.3297e+17, 1.8003e+17],
        [1.6237e+17, 1.5923e+17, 1.7358e+17, 1.5728e+17, 1.5368e+17, 1.6507e+17,
         1.7997e+17, 1.5446e+17, 1.1652e+17, 1.3137e+17, 1.1133e+17, 1.4483e+17,
         1.5664e+17, 1.0747e+17, 1.2486e+17, 1.4886e+17, 1.6989e+17, 1.6239e+17,
         1.6981e+17, 1.1421e+17, 1.5463e+17],
        [1.5922e+17, 1.5613e+17, 1.7021e+17, 1.5422e+17, 1.5069e+17, 1.6186e+17,
         1.7647e+17, 1.5146e+17, 1.1425e+17, 1.2882e+17, 1.0916e+17, 1.4201e+17,
         1.5359e+17, 1.0538e+17, 1.2243e+17, 1.4596e+17, 1.6659e+17, 1.5924e+17,
         1.6651e+17, 1.1199e+17, 1.5163e+17]])
tensor([5.3201e+13, 5.2171e+13, 5.6875e+13, 5.1533e+13, 5.0353e+13, 5.4084e+13,
        5.8966e+13, 5.0609e+13, 3.8177e+13, 4.3043e+13, 3.6477e+13, 4.7453e+13,
        5.1322e+13, 3.5214e+13, 4.0910e+13, 4.8772e+13, 5.5665e+13, 5.3207e+13,
        5.5639e+13, 3.7421e+13, 5.0665e+13])
[layer 5]
tensor([[1.8904e+17, 1.9097e+17, 1.9119e+17, 1.7269e+17, 1.6004e+17, 1.5858e+17,
         1.8018e+17, 1.6097e+17, 2.0893e+17, 1.8797e+17, 2.0381e+17, 1.8334e+17,
         1.8791e+17, 1.8085e+17, 1.6198e+17, 1.9821e+17, 2.1028e+17, 1.7532e+17,
         2.1175e+17, 2.0109e+17, 2.1412e+17],
        [1.6335e+17, 1.6501e+17, 1.6520e+17, 1.4922e+17, 1.3828e+17, 1.3702e+17,
         1.5569e+17, 1.3909e+17, 1.8053e+17, 1.6242e+17, 1.7610e+17, 1.5841e+17,
         1.6237e+17, 1.5627e+17, 1.3996e+17, 1.7127e+17, 1.8169e+17, 1.5149e+17,
         1.8296e+17, 1.7375e+17, 1.8501e+17],
        [1.5577e+17, 1.5736e+17, 1.5754e+17, 1.4230e+17, 1.3187e+17, 1.3067e+17,
         1.4847e+17, 1.3264e+17, 1.7216e+17, 1.5489e+17, 1.6794e+17, 1.5107e+17,
         1.5484e+17, 1.4902e+17, 1.3347e+17, 1.6332e+17, 1.7327e+17, 1.4447e+17,
         1.7448e+17, 1.6570e+17, 1.7643e+17],
        [1.7881e+17, 1.8064e+17, 1.8084e+17, 1.6335e+17, 1.5138e+17, 1.5000e+17,
         1.7043e+17, 1.5226e+17, 1.9763e+17, 1.7780e+17, 1.9278e+17, 1.7341e+17,
         1.7774e+17, 1.7106e+17, 1.5322e+17, 1.8748e+17, 1.9890e+17, 1.6584e+17,
         2.0029e+17, 1.9021e+17, 2.0253e+17],
        [1.7714e+17, 1.7895e+17, 1.7915e+17, 1.6182e+17, 1.4996e+17, 1.4859e+17,
         1.6884e+17, 1.5083e+17, 1.9578e+17, 1.7614e+17, 1.9098e+17, 1.7179e+17,
         1.7608e+17, 1.6946e+17, 1.5178e+17, 1.8573e+17, 1.9704e+17, 1.6428e+17,
         1.9841e+17, 1.8843e+17, 2.0064e+17],
        [1.5604e+17, 1.5764e+17, 1.5781e+17, 1.4255e+17, 1.3210e+17, 1.3090e+17,
         1.4873e+17, 1.3287e+17, 1.7246e+17, 1.5516e+17, 1.6823e+17, 1.5133e+17,
         1.5511e+17, 1.4928e+17, 1.3371e+17, 1.6361e+17, 1.7357e+17, 1.4472e+17,
         1.7478e+17, 1.6598e+17, 1.7674e+17],
        [1.3721e+17, 1.3861e+17, 1.3876e+17, 1.2534e+17, 1.1616e+17, 1.1509e+17,
         1.3077e+17, 1.1683e+17, 1.5164e+17, 1.3643e+17, 1.4792e+17, 1.3306e+17,
         1.3638e+17, 1.3126e+17, 1.1757e+17, 1.4386e+17, 1.5262e+17, 1.2725e+17,
         1.5368e+17, 1.4595e+17, 1.5541e+17],
        [1.9001e+17, 1.9195e+17, 1.9217e+17, 1.7358e+17, 1.6086e+17, 1.5939e+17,
         1.8110e+17, 1.6179e+17, 2.1000e+17, 1.8894e+17, 2.0485e+17, 1.8427e+17,
         1.8887e+17, 1.8178e+17, 1.6281e+17, 1.9922e+17, 2.1135e+17, 1.7622e+17,
         2.1283e+17, 2.0212e+17, 2.1521e+17],
        [1.4733e+17, 1.4884e+17, 1.4901e+17, 1.3459e+17, 1.2473e+17, 1.2359e+17,
         1.4042e+17, 1.2545e+17, 1.6283e+17, 1.4650e+17, 1.5884e+17, 1.4288e+17,
         1.4645e+17, 1.4095e+17, 1.2624e+17, 1.5448e+17, 1.6388e+17, 1.3664e+17,
         1.6503e+17, 1.5672e+17, 1.6688e+17],
        [1.5535e+17, 1.5694e+17, 1.5712e+17, 1.4191e+17, 1.3152e+17, 1.3032e+17,
         1.4807e+17, 1.3228e+17, 1.7169e+17, 1.5447e+17, 1.6749e+17, 1.5066e+17,
         1.5442e+17, 1.4862e+17, 1.3311e+17, 1.6288e+17, 1.7280e+17, 1.4408e+17,
         1.7401e+17, 1.6525e+17, 1.7596e+17],
        [1.2606e+17, 1.2735e+17, 1.2749e+17, 1.1516e+17, 1.0672e+17, 1.0574e+17,
         1.2015e+17, 1.0734e+17, 1.3932e+17, 1.2535e+17, 1.3591e+17, 1.2225e+17,
         1.2530e+17, 1.2060e+17, 1.0802e+17, 1.3217e+17, 1.4022e+17, 1.1691e+17,
         1.4120e+17, 1.3409e+17, 1.4278e+17],
        [1.6340e+17, 1.6507e+17, 1.6526e+17, 1.4927e+17, 1.3833e+17, 1.3707e+17,
         1.5574e+17, 1.3914e+17, 1.8059e+17, 1.6248e+17, 1.7617e+17, 1.5847e+17,
         1.6242e+17, 1.5632e+17, 1.4001e+17, 1.7133e+17, 1.8176e+17, 1.5154e+17,
         1.8303e+17, 1.7381e+17, 1.8508e+17],
        [1.5402e+17, 1.5560e+17, 1.5577e+17, 1.4070e+17, 1.3039e+17, 1.2920e+17,
         1.4680e+17, 1.3115e+17, 1.7023e+17, 1.5315e+17, 1.6605e+17, 1.4937e+17,
         1.5310e+17, 1.4735e+17, 1.3198e+17, 1.6149e+17, 1.7132e+17, 1.4285e+17,
         1.7252e+17, 1.6384e+17, 1.7445e+17],
        [1.2660e+17, 1.2789e+17, 1.2803e+17, 1.1565e+17, 1.0717e+17, 1.0619e+17,
         1.2066e+17, 1.0780e+17, 1.3991e+17, 1.2588e+17, 1.3648e+17, 1.2277e+17,
         1.2584e+17, 1.2111e+17, 1.0847e+17, 1.3273e+17, 1.4081e+17, 1.1741e+17,
         1.4180e+17, 1.3466e+17, 1.4339e+17],
        [1.5951e+17, 1.6114e+17, 1.6133e+17, 1.4572e+17, 1.3504e+17, 1.3381e+17,
         1.5204e+17, 1.3583e+17, 1.7630e+17, 1.5861e+17, 1.7197e+17, 1.5470e+17,
         1.5856e+17, 1.5260e+17, 1.3668e+17, 1.6725e+17, 1.7743e+17, 1.4794e+17,
         1.7867e+17, 1.6968e+17, 1.8067e+17],
        [1.9362e+17, 1.9559e+17, 1.9582e+17, 1.7687e+17, 1.6391e+17, 1.6241e+17,
         1.8454e+17, 1.6486e+17, 2.1399e+17, 1.9252e+17, 2.0874e+17, 1.8777e+17,
         1.9246e+17, 1.8523e+17, 1.6590e+17, 2.0301e+17, 2.1536e+17, 1.7957e+17,
         2.1687e+17, 2.0595e+17, 2.1930e+17],
        [1.4457e+17, 1.4604e+17, 1.4621e+17, 1.3206e+17, 1.2239e+17, 1.2127e+17,
         1.3779e+17, 1.2310e+17, 1.5978e+17, 1.4375e+17, 1.5586e+17, 1.4020e+17,
         1.4370e+17, 1.3830e+17, 1.2387e+17, 1.5158e+17, 1.6080e+17, 1.3407e+17,
         1.6193e+17, 1.5378e+17, 1.6374e+17],
        [1.6095e+17, 1.6260e+17, 1.6278e+17, 1.4703e+17, 1.3626e+17, 1.3501e+17,
         1.5341e+17, 1.3705e+17, 1.7789e+17, 1.6004e+17, 1.7353e+17, 1.5609e+17,
         1.5999e+17, 1.5398e+17, 1.3791e+17, 1.6876e+17, 1.7903e+17, 1.4927e+17,
         1.8028e+17, 1.7121e+17, 1.8230e+17],
        [1.7948e+17, 1.8131e+17, 1.8152e+17, 1.6396e+17, 1.5195e+17, 1.5056e+17,
         1.7107e+17, 1.5283e+17, 1.9836e+17, 1.7847e+17, 1.9350e+17, 1.7406e+17,
         1.7841e+17, 1.7170e+17, 1.5379e+17, 1.8819e+17, 1.9964e+17, 1.6646e+17,
         2.0104e+17, 1.9092e+17, 2.0329e+17],
        [1.7578e+17, 1.7757e+17, 1.7777e+17, 1.6057e+17, 1.4881e+17, 1.4745e+17,
         1.6754e+17, 1.4967e+17, 1.9427e+17, 1.7478e+17, 1.8951e+17, 1.7047e+17,
         1.7472e+17, 1.6816e+17, 1.5062e+17, 1.8430e+17, 1.9552e+17, 1.6302e+17,
         1.9689e+17, 1.8698e+17, 1.9909e+17],
        [1.9675e+17, 1.9876e+17, 1.9898e+17, 1.7973e+17, 1.6656e+17, 1.6504e+17,
         1.8752e+17, 1.6753e+17, 2.1745e+17, 1.9564e+17, 2.1212e+17, 1.9081e+17,
         1.9557e+17, 1.8822e+17, 1.6858e+17, 2.0629e+17, 2.1885e+17, 1.8247e+17,
         2.2038e+17, 2.0928e+17, 2.2285e+17]])
tensor([4.7307e+12, 4.7790e+12, 4.7844e+12, 4.3215e+12, 4.0049e+12, 3.9683e+12,
        4.5089e+12, 4.0281e+12, 5.2284e+12, 4.7039e+12, 5.1002e+12, 4.5878e+12,
        4.7023e+12, 4.5257e+12, 4.0535e+12, 4.9601e+12, 5.2620e+12, 4.3873e+12,
        5.2988e+12, 5.0321e+12, 5.3582e+12])
[layer 6]
tensor([[1.7751e+17, 1.7858e+17, 1.8033e+17, 1.2978e+17, 1.5569e+17, 1.4249e+17,
         1.2385e+17, 1.5410e+17, 1.5699e+17, 1.4294e+17, 1.6529e+17, 1.7089e+17,
         1.8540e+17, 1.6437e+17, 1.4967e+17, 1.6036e+17, 1.5392e+17, 1.4554e+17,
         1.2223e+17, 1.3753e+17, 1.5351e+17],
        [2.4799e+17, 2.4948e+17, 2.5192e+17, 1.8131e+17, 2.1750e+17, 1.9906e+17,
         1.7302e+17, 2.1529e+17, 2.1932e+17, 1.9969e+17, 2.3092e+17, 2.3873e+17,
         2.5901e+17, 2.2963e+17, 2.0909e+17, 2.2403e+17, 2.1503e+17, 2.0332e+17,
         1.7077e+17, 1.9214e+17, 2.1446e+17],
        [2.1204e+17, 2.1331e+17, 2.1540e+17, 1.5503e+17, 1.8597e+17, 1.7020e+17,
         1.4794e+17, 1.8408e+17, 1.8753e+17, 1.7074e+17, 1.9744e+17, 2.0412e+17,
         2.2146e+17, 1.9634e+17, 1.7878e+17, 1.9155e+17, 1.8385e+17, 1.7384e+17,
         1.4601e+17, 1.6429e+17, 1.8337e+17],
        [2.0039e+17, 2.0159e+17, 2.0357e+17, 1.4651e+17, 1.7575e+17, 1.6085e+17,
         1.3981e+17, 1.7397e+17, 1.7723e+17, 1.6136e+17, 1.8660e+17, 1.9291e+17,
         2.0930e+17, 1.8556e+17, 1.6896e+17, 1.8103e+17, 1.7375e+17, 1.6429e+17,
         1.3799e+17, 1.5526e+17, 1.7329e+17],
        [1.8667e+17, 1.8780e+17, 1.8964e+17, 1.3648e+17, 1.6372e+17, 1.4984e+17,
         1.3024e+17, 1.6206e+17, 1.6510e+17, 1.5032e+17, 1.7383e+17, 1.7971e+17,
         1.9497e+17, 1.7286e+17, 1.5740e+17, 1.6864e+17, 1.6186e+17, 1.5305e+17,
         1.2855e+17, 1.4464e+17, 1.6143e+17],
        [2.1081e+17, 2.1207e+17, 2.1415e+17, 1.5413e+17, 1.8489e+17, 1.6921e+17,
         1.4708e+17, 1.8301e+17, 1.8644e+17, 1.6975e+17, 1.9630e+17, 2.0294e+17,
         2.2018e+17, 1.9520e+17, 1.7774e+17, 1.9044e+17, 1.8279e+17, 1.7283e+17,
         1.4516e+17, 1.6333e+17, 1.8230e+17],
        [2.0247e+17, 2.0369e+17, 2.0568e+17, 1.4803e+17, 1.7758e+17, 1.6252e+17,
         1.4126e+17, 1.7577e+17, 1.7907e+17, 1.6304e+17, 1.8854e+17, 1.9491e+17,
         2.1147e+17, 1.8748e+17, 1.7071e+17, 1.8291e+17, 1.7556e+17, 1.6600e+17,
         1.3942e+17, 1.5687e+17, 1.7509e+17],
        [1.7189e+17, 1.7292e+17, 1.7462e+17, 1.2568e+17, 1.5076e+17, 1.3798e+17,
         1.1993e+17, 1.4923e+17, 1.5203e+17, 1.3841e+17, 1.6006e+17, 1.6548e+17,
         1.7953e+17, 1.5917e+17, 1.4493e+17, 1.5529e+17, 1.4904e+17, 1.4093e+17,
         1.1837e+17, 1.3318e+17, 1.4865e+17],
        [1.7708e+17, 1.7815e+17, 1.7989e+17, 1.2947e+17, 1.5531e+17, 1.4214e+17,
         1.2355e+17, 1.5373e+17, 1.5661e+17, 1.4259e+17, 1.6490e+17, 1.7047e+17,
         1.8495e+17, 1.6398e+17, 1.4931e+17, 1.5998e+17, 1.5354e+17, 1.4519e+17,
         1.2194e+17, 1.3720e+17, 1.5314e+17],
        [1.7033e+17, 1.7136e+17, 1.7304e+17, 1.2454e+17, 1.4939e+17, 1.3673e+17,
         1.1884e+17, 1.4787e+17, 1.5065e+17, 1.3716e+17, 1.5861e+17, 1.6398e+17,
         1.7790e+17, 1.5773e+17, 1.4362e+17, 1.5388e+17, 1.4769e+17, 1.3965e+17,
         1.1729e+17, 1.3197e+17, 1.4730e+17],
        [1.6705e+17, 1.6806e+17, 1.6971e+17, 1.2214e+17, 1.4652e+17, 1.3409e+17,
         1.1655e+17, 1.4503e+17, 1.4775e+17, 1.3452e+17, 1.5556e+17, 1.6082e+17,
         1.7448e+17, 1.5469e+17, 1.4085e+17, 1.5092e+17, 1.4485e+17, 1.3696e+17,
         1.1503e+17, 1.2943e+17, 1.4447e+17],
        [1.9287e+17, 1.9403e+17, 1.9594e+17, 1.4102e+17, 1.6916e+17, 1.5482e+17,
         1.3457e+17, 1.6744e+17, 1.7058e+17, 1.5531e+17, 1.7960e+17, 1.8568e+17,
         2.0145e+17, 1.7860e+17, 1.6262e+17, 1.7424e+17, 1.6724e+17, 1.5813e+17,
         1.3281e+17, 1.4944e+17, 1.6679e+17],
        [2.1351e+17, 2.1479e+17, 2.1690e+17, 1.5610e+17, 1.8726e+17, 1.7138e+17,
         1.4897e+17, 1.8535e+17, 1.8883e+17, 1.7192e+17, 1.9881e+17, 2.0554e+17,
         2.2300e+17, 1.9771e+17, 1.8002e+17, 1.9288e+17, 1.8513e+17, 1.7505e+17,
         1.4702e+17, 1.6543e+17, 1.8464e+17],
        [1.7800e+17, 1.7907e+17, 1.8083e+17, 1.3014e+17, 1.5612e+17, 1.4288e+17,
         1.2419e+17, 1.5453e+17, 1.5743e+17, 1.4334e+17, 1.6575e+17, 1.7136e+17,
         1.8591e+17, 1.6483e+17, 1.5008e+17, 1.6081e+17, 1.5434e+17, 1.4594e+17,
         1.2257e+17, 1.3792e+17, 1.5393e+17],
        [2.2367e+17, 2.2502e+17, 2.2723e+17, 1.6354e+17, 1.9618e+17, 1.7954e+17,
         1.5606e+17, 1.9418e+17, 1.9782e+17, 1.8011e+17, 2.0828e+17, 2.1533e+17,
         2.3362e+17, 2.0712e+17, 1.8859e+17, 2.0207e+17, 1.9394e+17, 1.8339e+17,
         1.5402e+17, 1.7330e+17, 1.9343e+17],
        [2.0545e+17, 2.0669e+17, 2.0871e+17, 1.5021e+17, 1.8019e+17, 1.6492e+17,
         1.4334e+17, 1.7836e+17, 1.8171e+17, 1.6544e+17, 1.9131e+17, 1.9778e+17,
         2.1458e+17, 1.9025e+17, 1.7323e+17, 1.8561e+17, 1.7814e+17, 1.6844e+17,
         1.4148e+17, 1.5918e+17, 1.7767e+17],
        [2.2672e+17, 2.2808e+17, 2.3032e+17, 1.6576e+17, 1.9885e+17, 1.8199e+17,
         1.5818e+17, 1.9683e+17, 2.0052e+17, 1.8256e+17, 2.1112e+17, 2.1826e+17,
         2.3680e+17, 2.0994e+17, 1.9116e+17, 2.0482e+17, 1.9659e+17, 1.8588e+17,
         1.5612e+17, 1.7566e+17, 1.9607e+17],
        [1.7090e+17, 1.7193e+17, 1.7362e+17, 1.2495e+17, 1.4989e+17, 1.3718e+17,
         1.1924e+17, 1.4837e+17, 1.5115e+17, 1.3762e+17, 1.5914e+17, 1.6452e+17,
         1.7850e+17, 1.5825e+17, 1.4410e+17, 1.5439e+17, 1.4819e+17, 1.4012e+17,
         1.1768e+17, 1.3242e+17, 1.4779e+17],
        [1.9836e+17, 1.9955e+17, 2.0150e+17, 1.4502e+17, 1.7397e+17, 1.5922e+17,
         1.3839e+17, 1.7220e+17, 1.7543e+17, 1.5972e+17, 1.8470e+17, 1.9095e+17,
         2.0717e+17, 1.8367e+17, 1.6724e+17, 1.7920e+17, 1.7199e+17, 1.6263e+17,
         1.3659e+17, 1.5369e+17, 1.7153e+17],
        [1.7497e+17, 1.7602e+17, 1.7775e+17, 1.2793e+17, 1.5346e+17, 1.4045e+17,
         1.2208e+17, 1.5190e+17, 1.5475e+17, 1.4089e+17, 1.6293e+17, 1.6844e+17,
         1.8275e+17, 1.6202e+17, 1.4753e+17, 1.5807e+17, 1.5171e+17, 1.4345e+17,
         1.2048e+17, 1.3557e+17, 1.5131e+17],
        [1.9280e+17, 1.9396e+17, 1.9586e+17, 1.4097e+17, 1.6910e+17, 1.5476e+17,
         1.3452e+17, 1.6738e+17, 1.7052e+17, 1.5525e+17, 1.7953e+17, 1.8561e+17,
         2.0137e+17, 1.7853e+17, 1.6256e+17, 1.7418e+17, 1.6718e+17, 1.5807e+17,
         1.3277e+17, 1.4939e+17, 1.6673e+17]])
tensor([5.4115e+11, 5.4440e+11, 5.4974e+11, 3.9565e+11, 4.7462e+11, 4.3438e+11,
        3.7756e+11, 4.6979e+11, 4.7860e+11, 4.3575e+11, 5.0390e+11, 5.2095e+11,
        5.6520e+11, 5.0109e+11, 4.5627e+11, 4.8887e+11, 4.6922e+11, 4.4367e+11,
        3.7264e+11, 4.1928e+11, 4.6797e+11])
layer 7
tensor([[1.7134e+17, 1.5802e+17, 1.8161e+17, 1.7917e+17, 1.8343e+17, 1.4899e+17,
         1.7764e+17, 1.9029e+17, 1.6213e+17, 1.5747e+17, 1.4483e+17, 1.8845e+17,
         1.7595e+17, 1.5336e+17, 1.6655e+17, 1.3623e+17, 1.7167e+17, 2.0289e+17,
         1.2633e+17, 1.9283e+17, 2.1076e+17],
        [1.4996e+17, 1.3831e+17, 1.5895e+17, 1.5682e+17, 1.6055e+17, 1.3041e+17,
         1.5548e+17, 1.6655e+17, 1.4190e+17, 1.3782e+17, 1.2676e+17, 1.6494e+17,
         1.5400e+17, 1.3423e+17, 1.4577e+17, 1.1923e+17, 1.5025e+17, 1.7758e+17,
         1.1057e+17, 1.6877e+17, 1.8447e+17],
        [1.7404e+17, 1.6051e+17, 1.8447e+17, 1.8199e+17, 1.8632e+17, 1.5134e+17,
         1.8044e+17, 1.9328e+17, 1.6468e+17, 1.5995e+17, 1.4712e+17, 1.9142e+17,
         1.7872e+17, 1.5578e+17, 1.6917e+17, 1.3838e+17, 1.7438e+17, 2.0609e+17,
         1.2832e+17, 1.9587e+17, 2.1408e+17],
        [1.7617e+17, 1.6248e+17, 1.8673e+17, 1.8422e+17, 1.8860e+17, 1.5320e+17,
         1.8265e+17, 1.9565e+17, 1.6670e+17, 1.6191e+17, 1.4892e+17, 1.9376e+17,
         1.8091e+17, 1.5768e+17, 1.7125e+17, 1.4007e+17, 1.7651e+17, 2.0861e+17,
         1.2989e+17, 1.9827e+17, 2.1670e+17],
        [1.9214e+17, 1.7721e+17, 2.0366e+17, 2.0093e+17, 2.0570e+17, 1.6709e+17,
         1.9921e+17, 2.1339e+17, 1.8181e+17, 1.7659e+17, 1.6242e+17, 2.1133e+17,
         1.9731e+17, 1.7198e+17, 1.8677e+17, 1.5277e+17, 1.9251e+17, 2.2753e+17,
         1.4167e+17, 2.1624e+17, 2.3635e+17],
        [1.4252e+17, 1.3145e+17, 1.5107e+17, 1.4904e+17, 1.5258e+17, 1.2394e+17,
         1.4777e+17, 1.5829e+17, 1.3486e+17, 1.3099e+17, 1.2048e+17, 1.5676e+17,
         1.4636e+17, 1.2757e+17, 1.3854e+17, 1.1332e+17, 1.4280e+17, 1.6877e+17,
         1.0508e+17, 1.6040e+17, 1.7532e+17],
        [1.4475e+17, 1.3350e+17, 1.5343e+17, 1.5137e+17, 1.5497e+17, 1.2588e+17,
         1.5008e+17, 1.6076e+17, 1.3697e+17, 1.3304e+17, 1.2236e+17, 1.5921e+17,
         1.4865e+17, 1.2957e+17, 1.4071e+17, 1.1509e+17, 1.4503e+17, 1.7141e+17,
         1.0673e+17, 1.6291e+17, 1.7806e+17],
        [1.6916e+17, 1.5601e+17, 1.7930e+17, 1.7690e+17, 1.8110e+17, 1.4710e+17,
         1.7538e+17, 1.8787e+17, 1.6007e+17, 1.5547e+17, 1.4299e+17, 1.8606e+17,
         1.7371e+17, 1.5141e+17, 1.6443e+17, 1.3450e+17, 1.6949e+17, 2.0031e+17,
         1.2472e+17, 1.9038e+17, 2.0808e+17],
        [1.2917e+17, 1.1913e+17, 1.3691e+17, 1.3508e+17, 1.3829e+17, 1.1233e+17,
         1.3392e+17, 1.4346e+17, 1.2223e+17, 1.1871e+17, 1.0919e+17, 1.4207e+17,
         1.3265e+17, 1.1562e+17, 1.2556e+17, 1.0270e+17, 1.2942e+17, 1.5296e+17,
         9.5237e+16, 1.4537e+17, 1.5889e+17],
        [1.3143e+17, 1.2122e+17, 1.3931e+17, 1.3744e+17, 1.4071e+17, 1.1430e+17,
         1.3627e+17, 1.4597e+17, 1.2437e+17, 1.2080e+17, 1.1110e+17, 1.4456e+17,
         1.3497e+17, 1.1764e+17, 1.2776e+17, 1.0450e+17, 1.3169e+17, 1.5564e+17,
         9.6907e+16, 1.4792e+17, 1.6168e+17],
        [1.5262e+17, 1.4076e+17, 1.6177e+17, 1.5960e+17, 1.6339e+17, 1.3272e+17,
         1.5823e+17, 1.6950e+17, 1.4442e+17, 1.4026e+17, 1.2901e+17, 1.6786e+17,
         1.5672e+17, 1.3660e+17, 1.4835e+17, 1.2135e+17, 1.5291e+17, 1.8072e+17,
         1.1252e+17, 1.7176e+17, 1.8773e+17],
        [1.5840e+17, 1.4609e+17, 1.6790e+17, 1.6565e+17, 1.6958e+17, 1.3775e+17,
         1.6423e+17, 1.7592e+17, 1.4989e+17, 1.4558e+17, 1.3390e+17, 1.7423e+17,
         1.6267e+17, 1.4178e+17, 1.5398e+17, 1.2595e+17, 1.5871e+17, 1.8758e+17,
         1.1679e+17, 1.7827e+17, 1.9485e+17],
        [1.6016e+17, 1.4771e+17, 1.6976e+17, 1.6748e+17, 1.7147e+17, 1.3928e+17,
         1.6605e+17, 1.7787e+17, 1.5155e+17, 1.4720e+17, 1.3539e+17, 1.7616e+17,
         1.6447e+17, 1.4336e+17, 1.5569e+17, 1.2734e+17, 1.6047e+17, 1.8966e+17,
         1.1809e+17, 1.8025e+17, 1.9701e+17],
        [1.3133e+17, 1.2112e+17, 1.3920e+17, 1.3733e+17, 1.4060e+17, 1.1420e+17,
         1.3616e+17, 1.4585e+17, 1.2427e+17, 1.2070e+17, 1.1101e+17, 1.4444e+17,
         1.3486e+17, 1.1755e+17, 1.2766e+17, 1.0442e+17, 1.3158e+17, 1.5551e+17,
         9.6828e+16, 1.4780e+17, 1.6155e+17],
        [1.5503e+17, 1.4298e+17, 1.6432e+17, 1.6212e+17, 1.6597e+17, 1.3481e+17,
         1.6073e+17, 1.7217e+17, 1.4670e+17, 1.4248e+17, 1.3105e+17, 1.7051e+17,
         1.5920e+17, 1.3876e+17, 1.5070e+17, 1.2326e+17, 1.5533e+17, 1.8358e+17,
         1.1430e+17, 1.7448e+17, 1.9070e+17],
        [1.5906e+17, 1.4670e+17, 1.6859e+17, 1.6633e+17, 1.7029e+17, 1.3832e+17,
         1.6491e+17, 1.7665e+17, 1.5051e+17, 1.4618e+17, 1.3445e+17, 1.7495e+17,
         1.6334e+17, 1.4237e+17, 1.5461e+17, 1.2647e+17, 1.5937e+17, 1.8835e+17,
         1.1727e+17, 1.7901e+17, 1.9566e+17],
        [1.9827e+17, 1.8286e+17, 2.1016e+17, 2.0734e+17, 2.1227e+17, 1.7242e+17,
         2.0557e+17, 2.2020e+17, 1.8762e+17, 1.8222e+17, 1.6760e+17, 2.1808e+17,
         2.0361e+17, 1.7747e+17, 1.9273e+17, 1.5765e+17, 1.9866e+17, 2.3479e+17,
         1.4619e+17, 2.2314e+17, 2.4389e+17],
        [1.6278e+17, 1.5013e+17, 1.7253e+17, 1.7022e+17, 1.7427e+17, 1.4155e+17,
         1.6877e+17, 1.8078e+17, 1.5403e+17, 1.4960e+17, 1.3760e+17, 1.7903e+17,
         1.6716e+17, 1.4570e+17, 1.5823e+17, 1.2942e+17, 1.6309e+17, 1.9275e+17,
         1.2002e+17, 1.8320e+17, 2.0023e+17],
        [1.6278e+17, 1.5013e+17, 1.7254e+17, 1.7023e+17, 1.7427e+17, 1.4156e+17,
         1.6877e+17, 1.8079e+17, 1.5403e+17, 1.4961e+17, 1.3760e+17, 1.7904e+17,
         1.6716e+17, 1.4570e+17, 1.5823e+17, 1.2943e+17, 1.6310e+17, 1.9276e+17,
         1.2002e+17, 1.8320e+17, 2.0024e+17],
        [1.4977e+17, 1.3813e+17, 1.5874e+17, 1.5661e+17, 1.6034e+17, 1.3024e+17,
         1.5528e+17, 1.6633e+17, 1.4172e+17, 1.3764e+17, 1.2660e+17, 1.6472e+17,
         1.5380e+17, 1.3405e+17, 1.4558e+17, 1.1908e+17, 1.5006e+17, 1.7735e+17,
         1.1042e+17, 1.6855e+17, 1.8423e+17],
        [1.7265e+17, 1.5923e+17, 1.8300e+17, 1.8054e+17, 1.8483e+17, 1.5013e+17,
         1.7900e+17, 1.9174e+17, 1.6337e+17, 1.5867e+17, 1.4594e+17, 1.8989e+17,
         1.7729e+17, 1.5453e+17, 1.6782e+17, 1.3727e+17, 1.7298e+17, 2.0444e+17,
         1.2729e+17, 1.9430e+17, 2.1237e+17]])
tensor([4.4523e+10, 4.1063e+10, 4.7192e+10, 4.6559e+10, 4.7665e+10, 3.8717e+10,
        4.6161e+10, 4.9447e+10, 4.2130e+10, 4.0919e+10, 3.7636e+10, 4.8970e+10,
        4.5721e+10, 3.9852e+10, 4.3279e+10, 3.5400e+10, 4.4610e+10, 5.2722e+10,
        3.2827e+10, 5.0108e+10, 5.4767e+10])
layer 8
tensor([[6.6697e+16, 1.1548e+16, 3.6510e+16, 2.9769e+16, 5.4082e+16, 5.4684e+16,
         8.8089e+16, 2.1393e+17, 2.8272e+17, 1.1068e+17, 2.2782e+17, 2.6268e+17,
         2.9094e+17, 2.3795e+17, 2.2626e+17, 1.0692e+17, 8.9523e+16, 2.8228e+17,
         2.8876e+17, 3.0472e+16, 3.1889e+17],
        [6.2047e+16, 1.0742e+16, 3.3964e+16, 2.7694e+16, 5.0311e+16, 5.0871e+16,
         8.1947e+16, 1.9901e+17, 2.6300e+17, 1.0296e+17, 2.1193e+17, 2.4436e+17,
         2.7065e+17, 2.2136e+17, 2.1049e+17, 9.9462e+16, 8.3281e+16, 2.6260e+17,
         2.6862e+17, 2.8348e+16, 2.9665e+17],
        [6.0506e+16, 1.0476e+16, 3.3121e+16, 2.7006e+16, 4.9061e+16, 4.9607e+16,
         7.9911e+16, 1.9407e+17, 2.5647e+17, 1.0040e+17, 2.0667e+17, 2.3829e+17,
         2.6393e+17, 2.1586e+17, 2.0526e+17, 9.6991e+16, 8.1212e+16, 2.5607e+17,
         2.6195e+17, 2.7643e+16, 2.8928e+17],
        [7.4510e+16, 1.2900e+16, 4.0786e+16, 3.3256e+16, 6.0417e+16, 6.1089e+16,
         9.8407e+16, 2.3899e+17, 3.1583e+17, 1.2364e+17, 2.5450e+17, 2.9345e+17,
         3.2502e+17, 2.6582e+17, 2.5277e+17, 1.1944e+17, 1.0001e+17, 3.1534e+17,
         3.2258e+17, 3.4042e+16, 3.5624e+17],
        [4.9787e+16, 8.6198e+15, 2.7253e+16, 2.2221e+16, 4.0370e+16, 4.0819e+16,
         6.5754e+16, 1.5969e+17, 2.1104e+17, 8.2616e+16, 1.7005e+17, 1.9608e+17,
         2.1717e+17, 1.7762e+17, 1.6890e+17, 7.9809e+16, 6.6825e+16, 2.1071e+17,
         2.1554e+17, 2.2746e+16, 2.3804e+17],
        [4.9470e+16, 8.5650e+15, 2.7080e+16, 2.2080e+16, 4.0113e+16, 4.0560e+16,
         6.5336e+16, 1.5868e+17, 2.0969e+17, 8.2091e+16, 1.6897e+17, 1.9483e+17,
         2.1579e+17, 1.7649e+17, 1.6782e+17, 7.9301e+16, 6.6400e+16, 2.0937e+17,
         2.1417e+17, 2.2602e+16, 2.3652e+17],
        [5.8945e+16, 1.0205e+16, 3.2267e+16, 2.6309e+16, 4.7796e+16, 4.8328e+16,
         7.7851e+16, 1.8907e+17, 2.4986e+17, 9.7814e+16, 2.0134e+17, 2.3215e+17,
         2.5713e+17, 2.1029e+17, 1.9997e+17, 9.4490e+16, 7.9118e+16, 2.4947e+17,
         2.5520e+17, 2.6931e+16, 2.8182e+17],
        [6.2246e+16, 1.0777e+16, 3.4073e+16, 2.7783e+16, 5.0473e+16, 5.1035e+16,
         8.2210e+16, 1.9965e+17, 2.6385e+17, 1.0329e+17, 2.1261e+17, 2.4515e+17,
         2.7152e+17, 2.2207e+17, 2.1116e+17, 9.9782e+16, 8.3549e+16, 2.6344e+17,
         2.6949e+17, 2.8439e+16, 2.9761e+17],
        [6.2397e+16, 1.0803e+16, 3.4156e+16, 2.7850e+16, 5.0595e+16, 5.1158e+16,
         8.2409e+16, 2.0014e+17, 2.6449e+17, 1.0354e+17, 2.1313e+17, 2.4574e+17,
         2.7218e+17, 2.2261e+17, 2.1168e+17, 1.0002e+17, 8.3751e+16, 2.6408e+17,
         2.7014e+17, 2.8508e+16, 2.9833e+17],
        [8.6911e+16, 1.5047e+16, 4.7575e+16, 3.8791e+16, 7.0472e+16, 7.1257e+16,
         1.1479e+17, 2.7877e+17, 3.6840e+17, 1.4422e+17, 2.9686e+17, 3.4229e+17,
         3.7911e+17, 3.1006e+17, 2.9484e+17, 1.3932e+17, 1.1665e+17, 3.6783e+17,
         3.7627e+17, 3.9707e+16, 4.1553e+17],
        [6.4779e+16, 1.1215e+16, 3.5460e+16, 2.8913e+16, 5.2527e+16, 5.3111e+16,
         8.5556e+16, 2.0778e+17, 2.7459e+17, 1.0749e+17, 2.2126e+17, 2.5512e+17,
         2.8257e+17, 2.3110e+17, 2.1976e+17, 1.0384e+17, 8.6948e+16, 2.7416e+17,
         2.8045e+17, 2.9596e+16, 3.0972e+17],
        [7.4015e+16, 1.2815e+16, 4.0516e+16, 3.3035e+16, 6.0016e+16, 6.0684e+16,
         9.7754e+16, 2.3740e+17, 3.1374e+17, 1.2282e+17, 2.5281e+17, 2.9150e+17,
         3.2286e+17, 2.6405e+17, 2.5109e+17, 1.1865e+17, 9.9345e+16, 3.1325e+17,
         3.2044e+17, 3.3816e+16, 3.5387e+17],
        [5.9574e+16, 1.0314e+16, 3.2611e+16, 2.6590e+16, 4.8306e+16, 4.8844e+16,
         7.8681e+16, 1.9108e+17, 2.5252e+17, 9.8857e+16, 2.0349e+17, 2.3462e+17,
         2.5987e+17, 2.1253e+17, 2.0210e+17, 9.5498e+16, 7.9962e+16, 2.5213e+17,
         2.5792e+17, 2.7218e+16, 2.8483e+17],
        [6.0673e+16, 1.0504e+16, 3.3212e+16, 2.7080e+16, 4.9197e+16, 4.9744e+16,
         8.0132e+16, 1.9461e+17, 2.5718e+17, 1.0068e+17, 2.0724e+17, 2.3895e+17,
         2.6466e+17, 2.1645e+17, 2.0583e+17, 9.7259e+16, 8.1436e+16, 2.5678e+17,
         2.6267e+17, 2.7720e+16, 2.9008e+17],
        [7.2723e+16, 1.2591e+16, 3.9809e+16, 3.2459e+16, 5.8968e+16, 5.9625e+16,
         9.6048e+16, 2.3326e+17, 3.0826e+17, 1.2068e+17, 2.4840e+17, 2.8641e+17,
         3.1723e+17, 2.5945e+17, 2.4671e+17, 1.1658e+17, 9.7611e+16, 3.0778e+17,
         3.1485e+17, 3.3225e+16, 3.4770e+17],
        [7.6390e+16, 1.3226e+16, 4.1816e+16, 3.4096e+16, 6.1942e+16, 6.2631e+16,
         1.0089e+17, 2.4502e+17, 3.2380e+17, 1.2676e+17, 2.6092e+17, 3.0085e+17,
         3.3322e+17, 2.7253e+17, 2.5915e+17, 1.2246e+17, 1.0253e+17, 3.2330e+17,
         3.3072e+17, 3.4901e+16, 3.6523e+17],
        [6.9881e+16, 1.2099e+16, 3.8252e+16, 3.1190e+16, 5.6663e+16, 5.7294e+16,
         9.2293e+16, 2.2414e+17, 2.9621e+17, 1.1596e+17, 2.3869e+17, 2.7521e+17,
         3.0483e+17, 2.4930e+17, 2.3706e+17, 1.1202e+17, 9.3796e+16, 2.9575e+17,
         3.0254e+17, 3.1927e+16, 3.3411e+17],
        [7.7394e+16, 1.3400e+16, 4.2365e+16, 3.4544e+16, 6.2756e+16, 6.3454e+16,
         1.0222e+17, 2.4824e+17, 3.2806e+17, 1.2843e+17, 2.6435e+17, 3.0481e+17,
         3.3760e+17, 2.7611e+17, 2.6255e+17, 1.2406e+17, 1.0388e+17, 3.2755e+17,
         3.3507e+17, 3.5359e+16, 3.7003e+17],
        [7.0580e+16, 1.2220e+16, 3.8635e+16, 3.1502e+16, 5.7230e+16, 5.7867e+16,
         9.3217e+16, 2.2638e+17, 2.9917e+17, 1.1712e+17, 2.4108e+17, 2.7797e+17,
         3.0788e+17, 2.5180e+17, 2.3944e+17, 1.1314e+17, 9.4734e+16, 2.9871e+17,
         3.0557e+17, 3.2246e+16, 3.3745e+17],
        [7.1522e+16, 1.2383e+16, 3.9151e+16, 3.1922e+16, 5.7994e+16, 5.8639e+16,
         9.4460e+16, 2.2941e+17, 3.0317e+17, 1.1868e+17, 2.4429e+17, 2.8168e+17,
         3.1198e+17, 2.5516e+17, 2.4263e+17, 1.1465e+17, 9.5998e+16, 3.0269e+17,
         3.0964e+17, 3.2676e+16, 3.4195e+17],
        [6.1179e+16, 1.0592e+16, 3.3489e+16, 2.7306e+16, 4.9607e+16, 5.0159e+16,
         8.0800e+16, 1.9623e+17, 2.5932e+17, 1.0152e+17, 2.0897e+17, 2.4094e+17,
         2.6687e+17, 2.1826e+17, 2.0754e+17, 9.8071e+16, 8.2116e+16, 2.5892e+17,
         2.6487e+17, 2.7951e+16, 2.9250e+17]])
tensor([1.7366e+09, 3.0066e+08, 9.5060e+08, 7.7510e+08, 1.4081e+09, 1.4238e+09,
        2.2936e+09, 5.5701e+09, 7.3610e+09, 2.8817e+09, 5.9316e+09, 6.8393e+09,
        7.5752e+09, 6.1954e+09, 5.8912e+09, 2.7838e+09, 2.3309e+09, 7.3496e+09,
        7.5183e+09, 7.9340e+08, 8.3028e+09])
layer 9
tensor([[3.5996e+18],
        [3.1849e+18],
        [2.8897e+18],
        [3.1477e+18],
        [2.7575e+18],
        [3.7084e+18],
        [3.7511e+18],
        [2.6890e+18],
        [3.6186e+18],
        [4.5839e+18],
        [3.8872e+18],
        [2.8075e+18],
        [3.1564e+18],
        [3.6705e+18],
        [3.2972e+18],
        [3.6792e+18],
        [3.5528e+18],
        [3.6076e+18],
        [3.7795e+18],
        [2.9776e+18],
        [3.5864e+18]])
tensor([8.4241e+09])
