[Layer 0]
tensor([[2.9143e+17, 3.5830e+17, 3.2595e+17, 2.5947e+17, 3.2398e+17, 3.0159e+17,
         3.1024e+17, 2.9287e+17, 3.4802e+17, 2.9752e+17, 3.0939e+17, 2.4467e+17,
         3.3916e+17, 3.3502e+17, 2.7585e+17, 3.0147e+17, 3.4194e+17, 2.8193e+17,
         3.2222e+17, 3.5616e+17, 3.2496e+17],
        [6.2999e+16, 7.7456e+16, 7.0462e+16, 5.6090e+16, 7.0036e+16, 6.5196e+16,
         6.7065e+16, 6.3311e+16, 7.5232e+16, 6.4317e+16, 6.6882e+16, 5.2891e+16,
         7.3317e+16, 7.2422e+16, 5.9632e+16, 6.5169e+16, 7.3917e+16, 6.0946e+16,
         6.9656e+16, 7.6992e+16, 7.0247e+16],
        [3.5217e+17, 4.3298e+17, 3.9388e+17, 3.1354e+17, 3.9150e+17, 3.6445e+17,
         3.7489e+17, 3.5391e+17, 4.2055e+17, 3.5953e+17, 3.7387e+17, 2.9566e+17,
         4.0984e+17, 4.0484e+17, 3.3334e+17, 3.6430e+17, 4.1320e+17, 3.4069e+17,
         3.8938e+17, 4.3039e+17, 3.9268e+17],
        [6.9511e+16, 8.5462e+16, 7.7745e+16, 6.1888e+16, 7.7275e+16, 7.1934e+16,
         7.3997e+16, 6.9855e+16, 8.3008e+16, 7.0965e+16, 7.3794e+16, 5.8357e+16,
         8.0895e+16, 7.9908e+16, 6.5795e+16, 7.1905e+16, 8.1558e+16, 6.7245e+16,
         7.6856e+16, 8.4950e+16, 7.7508e+16],
        [2.9621e+17, 3.6418e+17, 3.3130e+17, 2.6372e+17, 3.2930e+17, 3.0654e+17,
         3.1533e+17, 2.9768e+17, 3.5372e+17, 3.0240e+17, 3.1446e+17, 2.4868e+17,
         3.4472e+17, 3.4051e+17, 2.8038e+17, 3.0641e+17, 3.4754e+17, 2.8655e+17,
         3.2751e+17, 3.6200e+17, 3.3029e+17],
        [1.6901e+17, 2.0780e+17, 1.8903e+17, 1.5048e+17, 1.8789e+17, 1.7490e+17,
         1.7992e+17, 1.6985e+17, 2.0183e+17, 1.7255e+17, 1.7943e+17, 1.4189e+17,
         1.9669e+17, 1.9429e+17, 1.5998e+17, 1.7483e+17, 1.9830e+17, 1.6350e+17,
         1.8687e+17, 2.0655e+17, 1.8846e+17],
        [3.5313e+17, 4.3416e+17, 3.9496e+17, 3.1440e+17, 3.9257e+17, 3.6544e+17,
         3.7592e+17, 3.5488e+17, 4.2169e+17, 3.6051e+17, 3.7489e+17, 2.9647e+17,
         4.1096e+17, 4.0595e+17, 3.3425e+17, 3.6529e+17, 4.1433e+17, 3.4162e+17,
         3.9044e+17, 4.3156e+17, 3.9376e+17],
        [4.8516e+17, 5.9650e+17, 5.4263e+17, 4.3196e+17, 5.3935e+17, 5.0208e+17,
         5.1647e+17, 4.8757e+17, 5.7937e+17, 4.9531e+17, 5.1506e+17, 4.0732e+17,
         5.6462e+17, 5.5773e+17, 4.5923e+17, 5.0187e+17, 5.6925e+17, 4.6935e+17,
         5.3643e+17, 5.9292e+17, 5.4098e+17],
        [1.5036e+17, 1.8486e+17, 1.6817e+17, 1.3387e+17, 1.6715e+17, 1.5560e+17,
         1.6006e+17, 1.5110e+17, 1.7956e+17, 1.5350e+17, 1.5963e+17, 1.2623e+17,
         1.7499e+17, 1.7285e+17, 1.4232e+17, 1.5554e+17, 1.7642e+17, 1.4546e+17,
         1.6625e+17, 1.8376e+17, 1.6766e+17],
        [3.7754e+17, 4.6418e+17, 4.2227e+17, 3.3614e+17, 4.1971e+17, 3.9071e+17,
         4.0191e+17, 3.7941e+17, 4.5085e+17, 3.8544e+17, 4.0081e+17, 3.1696e+17,
         4.3938e+17, 4.3401e+17, 3.5736e+17, 3.9055e+17, 4.4297e+17, 3.6524e+17,
         4.1744e+17, 4.6140e+17, 4.2098e+17]])
tensor([5.9858e+17, 7.3594e+17, 6.6948e+17, 5.3293e+17, 6.6544e+17, 6.1945e+17,
        6.3721e+17, 6.0154e+17, 7.1481e+17, 6.1110e+17, 6.3547e+17, 5.0253e+17,
        6.9661e+17, 6.8811e+17, 5.6658e+17, 6.1920e+17, 7.0232e+17, 5.7907e+17,
        6.6183e+17, 7.3153e+17, 6.6745e+17])
[Layer 1]
tensor([[1.9563e+17, 1.6964e+17, 1.6113e+17, 1.9503e+17, 1.6749e+17, 1.5449e+17,
         1.5614e+17, 1.9712e+17, 1.6230e+17, 1.6506e+17, 1.7773e+17, 1.6458e+17,
         1.9262e+17, 2.2759e+17, 1.5055e+17, 1.9851e+17, 1.4367e+17, 2.0399e+17,
         2.2952e+17, 1.8006e+17, 1.5992e+17],
        [2.1067e+17, 1.8269e+17, 1.7352e+17, 2.1003e+17, 1.8037e+17, 1.6637e+17,
         1.6815e+17, 2.1229e+17, 1.7479e+17, 1.7776e+17, 1.9140e+17, 1.7725e+17,
         2.0744e+17, 2.4510e+17, 1.6214e+17, 2.1378e+17, 1.5472e+17, 2.1968e+17,
         2.4717e+17, 1.9391e+17, 1.7222e+17],
        [1.4184e+17, 1.2299e+17, 1.1682e+17, 1.4140e+17, 1.2144e+17, 1.1201e+17,
         1.1321e+17, 1.4292e+17, 1.1768e+17, 1.1968e+17, 1.2886e+17, 1.1933e+17,
         1.3966e+17, 1.6501e+17, 1.0916e+17, 1.4393e+17, 1.0417e+17, 1.4790e+17,
         1.6641e+17, 1.3055e+17, 1.1595e+17],
        [1.5886e+17, 1.3775e+17, 1.3084e+17, 1.5837e+17, 1.3601e+17, 1.2545e+17,
         1.2679e+17, 1.6007e+17, 1.3180e+17, 1.3404e+17, 1.4432e+17, 1.3365e+17,
         1.5642e+17, 1.8481e+17, 1.2226e+17, 1.6120e+17, 1.1667e+17, 1.6565e+17,
         1.8638e+17, 1.4622e+17, 1.2986e+17],
        [1.8937e+17, 1.6421e+17, 1.5597e+17, 1.8879e+17, 1.6213e+17, 1.4955e+17,
         1.5115e+17, 1.9082e+17, 1.5711e+17, 1.5978e+17, 1.7204e+17, 1.5932e+17,
         1.8646e+17, 2.2031e+17, 1.4574e+17, 1.9216e+17, 1.3908e+17, 1.9747e+17,
         2.2218e+17, 1.7430e+17, 1.5481e+17],
        [1.6443e+17, 1.4259e+17, 1.3543e+17, 1.6393e+17, 1.4078e+17, 1.2986e+17,
         1.3124e+17, 1.6569e+17, 1.3642e+17, 1.3874e+17, 1.4939e+17, 1.3834e+17,
         1.6191e+17, 1.9130e+17, 1.2655e+17, 1.6686e+17, 1.2076e+17, 1.7146e+17,
         1.9292e+17, 1.5135e+17, 1.3442e+17],
        [1.8204e+17, 1.5786e+17, 1.4994e+17, 1.8149e+17, 1.5586e+17, 1.4376e+17,
         1.4530e+17, 1.8344e+17, 1.5103e+17, 1.5360e+17, 1.6539e+17, 1.5316e+17,
         1.7925e+17, 2.1179e+17, 1.4010e+17, 1.8473e+17, 1.3370e+17, 1.8983e+17,
         2.1358e+17, 1.6756e+17, 1.4882e+17],
        [1.8313e+17, 1.5881e+17, 1.5084e+17, 1.8258e+17, 1.5679e+17, 1.4463e+17,
         1.4617e+17, 1.8454e+17, 1.5194e+17, 1.5452e+17, 1.6638e+17, 1.5408e+17,
         1.8032e+17, 2.1306e+17, 1.4094e+17, 1.8583e+17, 1.3450e+17, 1.9097e+17,
         2.1486e+17, 1.6856e+17, 1.4971e+17],
        [1.8571e+17, 1.6104e+17, 1.5296e+17, 1.8515e+17, 1.5900e+17, 1.4666e+17,
         1.4823e+17, 1.8714e+17, 1.5408e+17, 1.5670e+17, 1.6872e+17, 1.5625e+17,
         1.8286e+17, 2.1606e+17, 1.4293e+17, 1.8845e+17, 1.3639e+17, 1.9366e+17,
         2.1789e+17, 1.7094e+17, 1.5182e+17],
        [2.3984e+17, 2.0798e+17, 1.9755e+17, 2.3911e+17, 2.0535e+17, 1.8941e+17,
         1.9143e+17, 2.4168e+17, 1.9899e+17, 2.0237e+17, 2.1790e+17, 2.0179e+17,
         2.3616e+17, 2.7903e+17, 1.8458e+17, 2.4338e+17, 1.7615e+17, 2.5010e+17,
         2.8140e+17, 2.2076e+17, 1.9607e+17],
        [1.6786e+17, 1.4556e+17, 1.3826e+17, 1.6735e+17, 1.4372e+17, 1.3257e+17,
         1.3398e+17, 1.6915e+17, 1.3927e+17, 1.4164e+17, 1.5251e+17, 1.4123e+17,
         1.6529e+17, 1.9529e+17, 1.2919e+17, 1.7034e+17, 1.2328e+17, 1.7504e+17,
         1.9695e+17, 1.5451e+17, 1.3723e+17],
        [1.5202e+17, 1.3183e+17, 1.2521e+17, 1.5156e+17, 1.3016e+17, 1.2006e+17,
         1.2134e+17, 1.5318e+17, 1.2613e+17, 1.2827e+17, 1.3811e+17, 1.2790e+17,
         1.4969e+17, 1.7686e+17, 1.1700e+17, 1.5426e+17, 1.1165e+17, 1.5852e+17,
         1.7836e+17, 1.3993e+17, 1.2428e+17],
        [2.2801e+17, 1.9772e+17, 1.8780e+17, 2.2731e+17, 1.9521e+17, 1.8006e+17,
         1.8199e+17, 2.2975e+17, 1.8917e+17, 1.9239e+17, 2.0715e+17, 1.9183e+17,
         2.2451e+17, 2.6526e+17, 1.7548e+17, 2.3137e+17, 1.6745e+17, 2.3776e+17,
         2.6751e+17, 2.0987e+17, 1.8640e+17],
        [2.0803e+17, 1.8040e+17, 1.7135e+17, 2.0740e+17, 1.7811e+17, 1.6429e+17,
         1.6604e+17, 2.0963e+17, 1.7260e+17, 1.7553e+17, 1.8900e+17, 1.7502e+17,
         2.0484e+17, 2.4202e+17, 1.6010e+17, 2.1110e+17, 1.5278e+17, 2.1693e+17,
         2.4408e+17, 1.9148e+17, 1.7007e+17],
        [1.7407e+17, 1.5095e+17, 1.4337e+17, 1.7354e+17, 1.4903e+17, 1.3747e+17,
         1.3893e+17, 1.7540e+17, 1.4442e+17, 1.4687e+17, 1.5814e+17, 1.4645e+17,
         1.7140e+17, 2.0251e+17, 1.3396e+17, 1.7663e+17, 1.2784e+17, 1.8151e+17,
         2.0423e+17, 1.6022e+17, 1.4230e+17],
        [1.8182e+17, 1.5767e+17, 1.4976e+17, 1.8127e+17, 1.5567e+17, 1.4359e+17,
         1.4512e+17, 1.8321e+17, 1.5085e+17, 1.5342e+17, 1.6519e+17, 1.5297e+17,
         1.7903e+17, 2.1153e+17, 1.3993e+17, 1.8450e+17, 1.3353e+17, 1.8960e+17,
         2.1332e+17, 1.6735e+17, 1.4864e+17],
        [2.0798e+17, 1.8035e+17, 1.7130e+17, 2.0734e+17, 1.7806e+17, 1.6424e+17,
         1.6600e+17, 2.0957e+17, 1.7255e+17, 1.7548e+17, 1.8895e+17, 1.7497e+17,
         2.0478e+17, 2.4196e+17, 1.6006e+17, 2.1104e+17, 1.5274e+17, 2.1687e+17,
         2.4401e+17, 1.9143e+17, 1.7002e+17],
        [1.6588e+17, 1.4385e+17, 1.3663e+17, 1.6538e+17, 1.4202e+17, 1.3100e+17,
         1.3240e+17, 1.6715e+17, 1.3763e+17, 1.3997e+17, 1.5071e+17, 1.3956e+17,
         1.6334e+17, 1.9299e+17, 1.2767e+17, 1.6833e+17, 1.2183e+17, 1.7298e+17,
         1.9462e+17, 1.5269e+17, 1.3561e+17],
        [2.2223e+17, 1.9271e+17, 1.8304e+17, 2.2155e+17, 1.9026e+17, 1.7550e+17,
         1.7737e+17, 2.2393e+17, 1.8437e+17, 1.8751e+17, 2.0190e+17, 1.8697e+17,
         2.1882e+17, 2.5854e+17, 1.7103e+17, 2.2550e+17, 1.6321e+17, 2.3173e+17,
         2.6073e+17, 2.0455e+17, 1.8167e+17],
        [2.3042e+17, 1.9981e+17, 1.8978e+17, 2.2972e+17, 1.9728e+17, 1.8197e+17,
         1.8391e+17, 2.3218e+17, 1.9117e+17, 1.9442e+17, 2.0934e+17, 1.9386e+17,
         2.2688e+17, 2.6807e+17, 1.7733e+17, 2.3382e+17, 1.6923e+17, 2.4027e+17,
         2.7034e+17, 2.1209e+17, 1.8837e+17],
        [2.0520e+17, 1.7794e+17, 1.6902e+17, 2.0458e+17, 1.7569e+17, 1.6205e+17,
         1.6379e+17, 2.0677e+17, 1.7025e+17, 1.7315e+17, 1.8643e+17, 1.7264e+17,
         2.0205e+17, 2.3873e+17, 1.5793e+17, 2.0823e+17, 1.5071e+17, 2.1398e+17,
         2.4076e+17, 1.8888e+17, 1.6775e+17]])
tensor([6.7706e+16, 5.8712e+16, 5.5765e+16, 6.7499e+16, 5.7967e+16, 5.3469e+16,
        5.4040e+16, 6.8224e+16, 5.6173e+16, 5.7128e+16, 6.1511e+16, 5.6962e+16,
        6.6666e+16, 7.8768e+16, 5.2107e+16, 6.8704e+16, 4.9725e+16, 7.0601e+16,
        7.9436e+16, 6.2318e+16, 5.5349e+16])
[Layer 2]
tensor([[1.4545e+17, 2.0348e+17, 1.8604e+17, 1.6797e+17, 1.7071e+17, 2.0635e+17,
         1.3104e+17, 1.6342e+17, 1.8330e+17, 1.6937e+17, 1.8081e+17, 1.7302e+17,
         1.7600e+17, 1.6889e+17, 1.6201e+17, 1.6406e+17, 1.8476e+17, 1.6342e+17,
         1.5857e+17, 1.6224e+17, 1.5198e+17],
        [1.5385e+17, 2.1522e+17, 1.9678e+17, 1.7767e+17, 1.8056e+17, 2.1826e+17,
         1.3861e+17, 1.7285e+17, 1.9388e+17, 1.7915e+17, 1.9125e+17, 1.8301e+17,
         1.8616e+17, 1.7863e+17, 1.7136e+17, 1.7353e+17, 1.9542e+17, 1.7285e+17,
         1.6772e+17, 1.7160e+17, 1.6075e+17],
        [1.5207e+17, 2.1274e+17, 1.9451e+17, 1.7562e+17, 1.7848e+17, 2.1574e+17,
         1.3701e+17, 1.7086e+17, 1.9164e+17, 1.7708e+17, 1.8904e+17, 1.8090e+17,
         1.8401e+17, 1.7657e+17, 1.6938e+17, 1.7153e+17, 1.9316e+17, 1.7085e+17,
         1.6578e+17, 1.6962e+17, 1.5890e+17],
        [1.2604e+17, 1.7633e+17, 1.6122e+17, 1.4556e+17, 1.4793e+17, 1.7882e+17,
         1.1356e+17, 1.4161e+17, 1.5884e+17, 1.4677e+17, 1.5669e+17, 1.4994e+17,
         1.5252e+17, 1.4635e+17, 1.4039e+17, 1.4217e+17, 1.6010e+17, 1.4161e+17,
         1.3741e+17, 1.4059e+17, 1.3170e+17],
        [1.3814e+17, 1.9326e+17, 1.7669e+17, 1.5953e+17, 1.6214e+17, 1.9599e+17,
         1.2446e+17, 1.5521e+17, 1.7409e+17, 1.6086e+17, 1.7173e+17, 1.6433e+17,
         1.6716e+17, 1.6040e+17, 1.5387e+17, 1.5582e+17, 1.7547e+17, 1.5520e+17,
         1.5060e+17, 1.5409e+17, 1.4434e+17],
        [1.5182e+17, 2.1239e+17, 1.9419e+17, 1.7533e+17, 1.7819e+17, 2.1539e+17,
         1.3678e+17, 1.7058e+17, 1.9132e+17, 1.7679e+17, 1.8873e+17, 1.8060e+17,
         1.8371e+17, 1.7628e+17, 1.6910e+17, 1.7124e+17, 1.9284e+17, 1.7057e+17,
         1.6551e+17, 1.6934e+17, 1.5863e+17],
        [1.5865e+17, 2.2195e+17, 2.0292e+17, 1.8322e+17, 1.8621e+17, 2.2508e+17,
         1.4294e+17, 1.7825e+17, 1.9993e+17, 1.8474e+17, 1.9722e+17, 1.8872e+17,
         1.9197e+17, 1.8421e+17, 1.7671e+17, 1.7895e+17, 2.0152e+17, 1.7825e+17,
         1.7296e+17, 1.7696e+17, 1.6577e+17],
        [1.3255e+17, 1.8543e+17, 1.6954e+17, 1.5307e+17, 1.5557e+17, 1.8805e+17,
         1.1942e+17, 1.4892e+17, 1.6704e+17, 1.5435e+17, 1.6477e+17, 1.5767e+17,
         1.6039e+17, 1.5390e+17, 1.4764e+17, 1.4951e+17, 1.6836e+17, 1.4892e+17,
         1.4450e+17, 1.4785e+17, 1.3850e+17],
        [1.5531e+17, 2.1728e+17, 1.9866e+17, 1.7936e+17, 1.8229e+17, 2.2035e+17,
         1.3993e+17, 1.7450e+17, 1.9573e+17, 1.8086e+17, 1.9307e+17, 1.8475e+17,
         1.8794e+17, 1.8034e+17, 1.7300e+17, 1.7518e+17, 1.9728e+17, 1.7450e+17,
         1.6932e+17, 1.7324e+17, 1.6229e+17],
        [1.5381e+17, 2.1518e+17, 1.9674e+17, 1.7763e+17, 1.8053e+17, 2.1822e+17,
         1.3858e+17, 1.7282e+17, 1.9384e+17, 1.7911e+17, 1.9121e+17, 1.8297e+17,
         1.8612e+17, 1.7860e+17, 1.7132e+17, 1.7349e+17, 1.9538e+17, 1.7281e+17,
         1.6769e+17, 1.7157e+17, 1.6072e+17],
        [1.5051e+17, 2.1056e+17, 1.9251e+17, 1.7382e+17, 1.7665e+17, 2.1354e+17,
         1.3561e+17, 1.6911e+17, 1.8968e+17, 1.7527e+17, 1.8711e+17, 1.7904e+17,
         1.8213e+17, 1.7476e+17, 1.6765e+17, 1.6977e+17, 1.9118e+17, 1.6910e+17,
         1.6409e+17, 1.6788e+17, 1.5727e+17],
        [1.3795e+17, 1.9298e+17, 1.7644e+17, 1.5931e+17, 1.6191e+17, 1.9571e+17,
         1.2428e+17, 1.5499e+17, 1.7384e+17, 1.6063e+17, 1.7148e+17, 1.6410e+17,
         1.6692e+17, 1.6017e+17, 1.5365e+17, 1.5560e+17, 1.7522e+17, 1.5498e+17,
         1.5039e+17, 1.5387e+17, 1.4414e+17],
        [1.1993e+17, 1.6777e+17, 1.5339e+17, 1.3850e+17, 1.4075e+17, 1.7014e+17,
         1.0805e+17, 1.3474e+17, 1.5113e+17, 1.3965e+17, 1.4908e+17, 1.4266e+17,
         1.4511e+17, 1.3925e+17, 1.3358e+17, 1.3527e+17, 1.5233e+17, 1.3474e+17,
         1.3074e+17, 1.3377e+17, 1.2531e+17],
        [1.6615e+17, 2.3243e+17, 2.1251e+17, 1.9187e+17, 1.9500e+17, 2.3571e+17,
         1.4969e+17, 1.8667e+17, 2.0938e+17, 1.9347e+17, 2.0654e+17, 1.9764e+17,
         2.0104e+17, 1.9292e+17, 1.8506e+17, 1.8740e+17, 2.1104e+17, 1.8667e+17,
         1.8113e+17, 1.8532e+17, 1.7360e+17],
        [1.7209e+17, 2.4075e+17, 2.2012e+17, 1.9874e+17, 2.0198e+17, 2.4415e+17,
         1.5505e+17, 1.9335e+17, 2.1687e+17, 2.0039e+17, 2.1393e+17, 2.0471e+17,
         2.0824e+17, 1.9982e+17, 1.9168e+17, 1.9411e+17, 2.1860e+17, 1.9335e+17,
         1.8761e+17, 1.9196e+17, 1.7982e+17],
        [1.2347e+17, 1.7272e+17, 1.5792e+17, 1.4259e+17, 1.4491e+17, 1.7516e+17,
         1.1124e+17, 1.3872e+17, 1.5559e+17, 1.4377e+17, 1.5348e+17, 1.4687e+17,
         1.4940e+17, 1.4336e+17, 1.3752e+17, 1.3926e+17, 1.5683e+17, 1.3872e+17,
         1.3460e+17, 1.3772e+17, 1.2901e+17],
        [1.5272e+17, 2.1365e+17, 1.9534e+17, 1.7637e+17, 1.7925e+17, 2.1667e+17,
         1.3760e+17, 1.7159e+17, 1.9246e+17, 1.7784e+17, 1.8985e+17, 1.8167e+17,
         1.8480e+17, 1.7733e+17, 1.7011e+17, 1.7226e+17, 1.9399e+17, 1.7159e+17,
         1.6650e+17, 1.7035e+17, 1.5958e+17],
        [1.4257e+17, 1.9945e+17, 1.8235e+17, 1.6464e+17, 1.6733e+17, 2.0226e+17,
         1.2845e+17, 1.6018e+17, 1.7967e+17, 1.6601e+17, 1.7723e+17, 1.6959e+17,
         1.7251e+17, 1.6554e+17, 1.5880e+17, 1.6081e+17, 1.8109e+17, 1.6018e+17,
         1.5543e+17, 1.5902e+17, 1.4897e+17],
        [1.4405e+17, 2.0152e+17, 1.8425e+17, 1.6636e+17, 1.6907e+17, 2.0437e+17,
         1.2978e+17, 1.6185e+17, 1.8154e+17, 1.6774e+17, 1.7907e+17, 1.7136e+17,
         1.7431e+17, 1.6726e+17, 1.6045e+17, 1.6248e+17, 1.8298e+17, 1.6184e+17,
         1.5704e+17, 1.6068e+17, 1.5052e+17],
        [1.7426e+17, 2.4379e+17, 2.2289e+17, 2.0125e+17, 2.0453e+17, 2.4723e+17,
         1.5700e+17, 1.9579e+17, 2.1961e+17, 2.0292e+17, 2.1663e+17, 2.0729e+17,
         2.1086e+17, 2.0234e+17, 1.9410e+17, 1.9656e+17, 2.2135e+17, 1.9578e+17,
         1.8998e+17, 1.9438e+17, 1.8208e+17],
        [1.5235e+17, 2.1312e+17, 1.9486e+17, 1.7594e+17, 1.7880e+17, 2.1614e+17,
         1.3726e+17, 1.7117e+17, 1.9199e+17, 1.7740e+17, 1.8938e+17, 1.8122e+17,
         1.8434e+17, 1.7689e+17, 1.6969e+17, 1.7184e+17, 1.9351e+17, 1.7116e+17,
         1.6609e+17, 1.6993e+17, 1.5918e+17]])
tensor([4.9302e+15, 6.8972e+15, 6.3060e+15, 5.6937e+15, 5.7865e+15, 6.9946e+15,
        4.4419e+15, 5.5393e+15, 6.2131e+15, 5.7410e+15, 6.1288e+15, 5.8647e+15,
        5.9657e+15, 5.7246e+15, 5.4915e+15, 5.5610e+15, 6.2625e+15, 5.5391e+15,
        5.3749e+15, 5.4992e+15, 5.1515e+15])
[Layer 3]
tensor([[1.5025e+17, 1.3017e+17, 1.5421e+17, 1.4367e+17, 1.5091e+17, 1.7693e+17,
         1.5992e+17, 1.7299e+17, 1.4580e+17, 1.0728e+17, 1.4658e+17, 1.1472e+17,
         1.2433e+17, 1.4462e+17, 1.4196e+17, 1.5626e+17, 1.4841e+17, 1.5693e+17,
         1.6152e+17, 1.4781e+17, 1.6226e+17],
        [1.2001e+17, 1.0397e+17, 1.2318e+17, 1.1475e+17, 1.2054e+17, 1.4132e+17,
         1.2773e+17, 1.3817e+17, 1.1646e+17, 8.5686e+16, 1.1708e+17, 9.1633e+16,
         9.9306e+16, 1.1551e+17, 1.1339e+17, 1.2481e+17, 1.1854e+17, 1.2534e+17,
         1.2901e+17, 1.1807e+17, 1.2960e+17],
        [1.8846e+17, 1.6327e+17, 1.9343e+17, 1.8021e+17, 1.8928e+17, 2.2193e+17,
         2.0059e+17, 2.1698e+17, 1.8288e+17, 1.3456e+17, 1.8385e+17, 1.4390e+17,
         1.5595e+17, 1.8140e+17, 1.7807e+17, 1.9600e+17, 1.8615e+17, 1.9683e+17,
         2.0259e+17, 1.8540e+17, 2.0353e+17],
        [1.9158e+17, 1.6598e+17, 1.9664e+17, 1.8319e+17, 1.9242e+17, 2.2561e+17,
         2.0391e+17, 2.2057e+17, 1.8591e+17, 1.3679e+17, 1.8690e+17, 1.4628e+17,
         1.5853e+17, 1.8440e+17, 1.8102e+17, 1.9925e+17, 1.8924e+17, 2.0010e+17,
         2.0595e+17, 1.8848e+17, 2.0690e+17],
        [1.9312e+17, 1.6731e+17, 1.9822e+17, 1.8466e+17, 1.9397e+17, 2.2742e+17,
         2.0555e+17, 2.2235e+17, 1.8741e+17, 1.3789e+17, 1.8840e+17, 1.4746e+17,
         1.5980e+17, 1.8588e+17, 1.8247e+17, 2.0085e+17, 1.9076e+17, 2.0170e+17,
         2.0761e+17, 1.8999e+17, 2.0856e+17],
        [1.6040e+17, 1.3897e+17, 1.6464e+17, 1.5338e+17, 1.6110e+17, 1.8889e+17,
         1.7072e+17, 1.8468e+17, 1.5565e+17, 1.1453e+17, 1.5648e+17, 1.2247e+17,
         1.3273e+17, 1.5439e+17, 1.5156e+17, 1.6682e+17, 1.5844e+17, 1.6753e+17,
         1.7243e+17, 1.5780e+17, 1.7323e+17],
        [1.4489e+17, 1.2552e+17, 1.4871e+17, 1.3854e+17, 1.4552e+17, 1.7062e+17,
         1.5421e+17, 1.6681e+17, 1.4060e+17, 1.0345e+17, 1.4135e+17, 1.1063e+17,
         1.1989e+17, 1.3946e+17, 1.3690e+17, 1.5069e+17, 1.4311e+17, 1.5133e+17,
         1.5576e+17, 1.4254e+17, 1.5647e+17],
        [1.7482e+17, 1.5145e+17, 1.7943e+17, 1.6716e+17, 1.7558e+17, 2.0587e+17,
         1.8607e+17, 2.0127e+17, 1.6964e+17, 1.2482e+17, 1.7054e+17, 1.3348e+17,
         1.4466e+17, 1.6827e+17, 1.6518e+17, 1.8181e+17, 1.7268e+17, 1.8259e+17,
         1.8793e+17, 1.7198e+17, 1.8879e+17],
        [1.8534e+17, 1.6057e+17, 1.9024e+17, 1.7723e+17, 1.8615e+17, 2.1826e+17,
         1.9727e+17, 2.1339e+17, 1.7986e+17, 1.3233e+17, 1.8081e+17, 1.4152e+17,
         1.5337e+17, 1.7840e+17, 1.7512e+17, 1.9276e+17, 1.8307e+17, 1.9358e+17,
         1.9924e+17, 1.8234e+17, 2.0016e+17],
        [2.0042e+17, 1.7364e+17, 2.0571e+17, 1.9165e+17, 2.0130e+17, 2.3602e+17,
         2.1332e+17, 2.3075e+17, 1.9449e+17, 1.4310e+17, 1.9552e+17, 1.5303e+17,
         1.6585e+17, 1.9291e+17, 1.8937e+17, 2.0844e+17, 1.9797e+17, 2.0933e+17,
         2.1546e+17, 1.9718e+17, 2.1645e+17],
        [1.7206e+17, 1.4906e+17, 1.7660e+17, 1.6452e+17, 1.7281e+17, 2.0261e+17,
         1.8313e+17, 1.9809e+17, 1.6696e+17, 1.2285e+17, 1.6785e+17, 1.3137e+17,
         1.4237e+17, 1.6561e+17, 1.6257e+17, 1.7894e+17, 1.6995e+17, 1.7970e+17,
         1.8496e+17, 1.6927e+17, 1.8581e+17],
        [1.6271e+17, 1.4097e+17, 1.6700e+17, 1.5559e+17, 1.6342e+17, 1.9161e+17,
         1.7318e+17, 1.8733e+17, 1.5789e+17, 1.1617e+17, 1.5873e+17, 1.2424e+17,
         1.3464e+17, 1.5661e+17, 1.5374e+17, 1.6922e+17, 1.6072e+17, 1.6994e+17,
         1.7491e+17, 1.6007e+17, 1.7572e+17],
        [1.7306e+17, 1.4993e+17, 1.7762e+17, 1.6548e+17, 1.7381e+17, 2.0379e+17,
         1.8419e+17, 1.9924e+17, 1.6793e+17, 1.2356e+17, 1.6882e+17, 1.3214e+17,
         1.4320e+17, 1.6657e+17, 1.6351e+17, 1.7998e+17, 1.7094e+17, 1.8075e+17,
         1.8603e+17, 1.7025e+17, 1.8689e+17],
        [1.9090e+17, 1.6539e+17, 1.9594e+17, 1.8254e+17, 1.9173e+17, 2.2480e+17,
         2.0318e+17, 2.1979e+17, 1.8525e+17, 1.3630e+17, 1.8623e+17, 1.4576e+17,
         1.5796e+17, 1.8374e+17, 1.8037e+17, 1.9854e+17, 1.8856e+17, 1.9938e+17,
         2.0522e+17, 1.8780e+17, 2.0616e+17],
        [1.8098e+17, 1.5680e+17, 1.8576e+17, 1.7306e+17, 1.8177e+17, 2.1313e+17,
         1.9263e+17, 2.0837e+17, 1.7563e+17, 1.2922e+17, 1.7656e+17, 1.3819e+17,
         1.4976e+17, 1.7420e+17, 1.7100e+17, 1.8822e+17, 1.7877e+17, 1.8903e+17,
         1.9456e+17, 1.7805e+17, 1.9545e+17],
        [1.9753e+17, 1.7113e+17, 2.0275e+17, 1.8888e+17, 1.9840e+17, 2.3262e+17,
         2.1024e+17, 2.2743e+17, 1.9169e+17, 1.4104e+17, 1.9270e+17, 1.5083e+17,
         1.6346e+17, 1.9013e+17, 1.8664e+17, 2.0544e+17, 1.9512e+17, 2.0631e+17,
         2.1235e+17, 1.9433e+17, 2.1333e+17],
        [2.0906e+17, 1.8112e+17, 2.1458e+17, 1.9991e+17, 2.0998e+17, 2.4619e+17,
         2.2251e+17, 2.4070e+17, 2.0287e+17, 1.4927e+17, 2.0395e+17, 1.5963e+17,
         1.7299e+17, 2.0123e+17, 1.9753e+17, 2.1742e+17, 2.0650e+17, 2.1835e+17,
         2.2474e+17, 2.0567e+17, 2.2577e+17],
        [1.8731e+17, 1.6227e+17, 1.9225e+17, 1.7910e+17, 1.8812e+17, 2.2057e+17,
         1.9936e+17, 2.1565e+17, 1.8176e+17, 1.3373e+17, 1.8273e+17, 1.4302e+17,
         1.5499e+17, 1.8029e+17, 1.7698e+17, 1.9480e+17, 1.8501e+17, 1.9563e+17,
         2.0135e+17, 1.8427e+17, 2.0228e+17],
        [1.7913e+17, 1.5519e+17, 1.8386e+17, 1.7129e+17, 1.7992e+17, 2.1095e+17,
         1.9066e+17, 2.0624e+17, 1.7383e+17, 1.2790e+17, 1.7475e+17, 1.3678e+17,
         1.4823e+17, 1.7242e+17, 1.6926e+17, 1.8630e+17, 1.7694e+17, 1.8710e+17,
         1.9257e+17, 1.7623e+17, 1.9346e+17],
        [1.9524e+17, 1.6914e+17, 2.0039e+17, 1.8669e+17, 1.9609e+17, 2.2991e+17,
         2.0780e+17, 2.2478e+17, 1.8946e+17, 1.3940e+17, 1.9046e+17, 1.4907e+17,
         1.6156e+17, 1.8792e+17, 1.8447e+17, 2.0305e+17, 1.9285e+17, 2.0391e+17,
         2.0988e+17, 1.9207e+17, 2.1085e+17],
        [1.6795e+17, 1.4551e+17, 1.7238e+17, 1.6060e+17, 1.6869e+17, 1.9778e+17,
         1.7876e+17, 1.9337e+17, 1.6298e+17, 1.1992e+17, 1.6385e+17, 1.2824e+17,
         1.3898e+17, 1.6166e+17, 1.5869e+17, 1.7467e+17, 1.6590e+17, 1.7542e+17,
         1.8055e+17, 1.6523e+17, 1.8138e+17]])
tensor([5.5296e+14, 4.7906e+14, 5.6756e+14, 5.2875e+14, 5.5538e+14, 6.5117e+14,
        5.8855e+14, 6.3664e+14, 5.3660e+14, 3.9481e+14, 5.3944e+14, 4.2221e+14,
        4.5757e+14, 5.3224e+14, 5.2247e+14, 5.7509e+14, 5.4619e+14, 5.7754e+14,
        5.9444e+14, 5.4400e+14, 5.9717e+14])
[Layer 4]
tensor([[2.2489e+17, 2.0859e+17, 2.1733e+17, 1.5747e+17, 2.2335e+17, 2.0104e+17,
         2.1562e+17, 1.7960e+17, 1.1524e+17, 1.8488e+17, 1.3749e+17, 1.8757e+17,
         1.8453e+17, 1.3840e+17, 1.5685e+17, 1.9828e+17, 2.2066e+17, 2.1928e+17,
         1.6330e+17, 1.5037e+17, 2.1880e+17],
        [1.8556e+17, 1.7211e+17, 1.7932e+17, 1.2993e+17, 1.8429e+17, 1.6589e+17,
         1.7791e+17, 1.4819e+17, 9.5085e+16, 1.5255e+17, 1.1345e+17, 1.5477e+17,
         1.5226e+17, 1.1420e+17, 1.2942e+17, 1.6361e+17, 1.8207e+17, 1.8093e+17,
         1.3474e+17, 1.2407e+17, 1.8054e+17],
        [2.6353e+17, 2.4442e+17, 2.5467e+17, 1.8452e+17, 2.6172e+17, 2.3558e+17,
         2.5267e+17, 2.1046e+17, 1.3504e+17, 2.1664e+17, 1.6111e+17, 2.1980e+17,
         2.1624e+17, 1.6218e+17, 1.8379e+17, 2.3235e+17, 2.5857e+17, 2.5695e+17,
         1.9135e+17, 1.7621e+17, 2.5640e+17],
        [2.7429e+17, 2.5440e+17, 2.6507e+17, 1.9206e+17, 2.7240e+17, 2.4520e+17,
         2.6298e+17, 2.1905e+17, 1.4055e+17, 2.2549e+17, 1.6769e+17, 2.2877e+17,
         2.2506e+17, 1.6880e+17, 1.9130e+17, 2.4183e+17, 2.6912e+17, 2.6744e+17,
         1.9916e+17, 1.8340e+17, 2.6686e+17],
        [2.4111e+17, 2.2363e+17, 2.3300e+17, 1.6883e+17, 2.3945e+17, 2.1554e+17,
         2.3117e+17, 1.9256e+17, 1.2355e+17, 1.9821e+17, 1.4741e+17, 2.0110e+17,
         1.9784e+17, 1.4838e+17, 1.6816e+17, 2.1258e+17, 2.3657e+17, 2.3509e+17,
         1.7507e+17, 1.6122e+17, 2.3458e+17],
        [1.7571e+17, 1.6297e+17, 1.6980e+17, 1.2303e+17, 1.7450e+17, 1.5707e+17,
         1.6846e+17, 1.4032e+17, 9.0034e+16, 1.4444e+17, 1.0742e+17, 1.4655e+17,
         1.4417e+17, 1.0813e+17, 1.2254e+17, 1.5492e+17, 1.7240e+17, 1.7132e+17,
         1.2758e+17, 1.1748e+17, 1.7095e+17],
        [2.2134e+17, 2.0529e+17, 2.1390e+17, 1.5498e+17, 2.1982e+17, 1.9787e+17,
         2.1221e+17, 1.7677e+17, 1.1342e+17, 1.8196e+17, 1.3532e+17, 1.8461e+17,
         1.8162e+17, 1.3621e+17, 1.5437e+17, 1.9515e+17, 2.1717e+17, 2.1582e+17,
         1.6072e+17, 1.4800e+17, 2.1535e+17],
        [2.0660e+17, 1.9162e+17, 1.9965e+17, 1.4466e+17, 2.0518e+17, 1.8469e+17,
         1.9808e+17, 1.6499e+17, 1.0586e+17, 1.6984e+17, 1.2631e+17, 1.7231e+17,
         1.6952e+17, 1.2714e+17, 1.4408e+17, 1.8215e+17, 2.0270e+17, 2.0144e+17,
         1.5001e+17, 1.3814e+17, 2.0100e+17],
        [2.3480e+17, 2.1777e+17, 2.2690e+17, 1.6440e+17, 2.3318e+17, 2.0990e+17,
         2.2511e+17, 1.8751e+17, 1.2031e+17, 1.9302e+17, 1.4355e+17, 1.9583e+17,
         1.9266e+17, 1.4449e+17, 1.6375e+17, 2.0701e+17, 2.3037e+17, 2.2894e+17,
         1.7049e+17, 1.5699e+17, 2.2844e+17],
        [2.0135e+17, 1.8675e+17, 1.9458e+17, 1.4098e+17, 1.9996e+17, 1.7999e+17,
         1.9304e+17, 1.6080e+17, 1.0317e+17, 1.6552e+17, 1.2310e+17, 1.6793e+17,
         1.6521e+17, 1.2391e+17, 1.4042e+17, 1.7752e+17, 1.9755e+17, 1.9632e+17,
         1.4620e+17, 1.3463e+17, 1.9590e+17],
        [1.9663e+17, 1.8237e+17, 1.9001e+17, 1.3768e+17, 1.9527e+17, 1.7577e+17,
         1.8852e+17, 1.5703e+17, 1.0075e+17, 1.6164e+17, 1.2021e+17, 1.6399e+17,
         1.6134e+17, 1.2100e+17, 1.3713e+17, 1.7336e+17, 1.9292e+17, 1.9172e+17,
         1.4277e+17, 1.3147e+17, 1.9130e+17],
        [2.0384e+17, 1.8906e+17, 1.9699e+17, 1.4273e+17, 2.0244e+17, 1.8222e+17,
         1.9544e+17, 1.6279e+17, 1.0445e+17, 1.6757e+17, 1.2462e+17, 1.7001e+17,
         1.6726e+17, 1.2544e+17, 1.4216e+17, 1.7972e+17, 2.0000e+17, 1.9875e+17,
         1.4801e+17, 1.3630e+17, 1.9832e+17],
        [1.9491e+17, 1.8078e+17, 1.8836e+17, 1.3648e+17, 1.9357e+17, 1.7424e+17,
         1.8687e+17, 1.5566e+17, 9.9875e+16, 1.6023e+17, 1.1916e+17, 1.6256e+17,
         1.5993e+17, 1.1995e+17, 1.3593e+17, 1.7185e+17, 1.9124e+17, 1.9005e+17,
         1.4153e+17, 1.3032e+17, 1.8963e+17],
        [2.2043e+17, 2.0445e+17, 2.1302e+17, 1.5435e+17, 2.1892e+17, 1.9706e+17,
         2.1134e+17, 1.7604e+17, 1.1295e+17, 1.8121e+17, 1.3477e+17, 1.8385e+17,
         1.8087e+17, 1.3565e+17, 1.5373e+17, 1.9435e+17, 2.1628e+17, 2.1493e+17,
         1.6006e+17, 1.4739e+17, 2.1446e+17],
        [2.0465e+17, 1.8981e+17, 1.9776e+17, 1.4329e+17, 2.0324e+17, 1.8294e+17,
         1.9621e+17, 1.6343e+17, 1.0486e+17, 1.6824e+17, 1.2511e+17, 1.7068e+17,
         1.6792e+17, 1.2594e+17, 1.4272e+17, 1.8043e+17, 2.0079e+17, 1.9954e+17,
         1.4859e+17, 1.3683e+17, 1.9911e+17],
        [2.1727e+17, 2.0151e+17, 2.0996e+17, 1.5213e+17, 2.1577e+17, 1.9423e+17,
         2.0831e+17, 1.7351e+17, 1.1133e+17, 1.7861e+17, 1.3283e+17, 1.8121e+17,
         1.7827e+17, 1.3371e+17, 1.5153e+17, 1.9156e+17, 2.1317e+17, 2.1184e+17,
         1.5776e+17, 1.4527e+17, 2.1138e+17],
        [2.3635e+17, 2.1921e+17, 2.2840e+17, 1.6549e+17, 2.3472e+17, 2.1129e+17,
         2.2660e+17, 1.8875e+17, 1.2111e+17, 1.9430e+17, 1.4450e+17, 1.9713e+17,
         1.9393e+17, 1.4545e+17, 1.6484e+17, 2.0838e+17, 2.3190e+17, 2.3045e+17,
         1.7161e+17, 1.5803e+17, 2.2995e+17],
        [2.3289e+17, 2.1600e+17, 2.2506e+17, 1.6307e+17, 2.3129e+17, 2.0819e+17,
         2.2329e+17, 1.8599e+17, 1.1934e+17, 1.9145e+17, 1.4238e+17, 1.9424e+17,
         1.9109e+17, 1.4332e+17, 1.6242e+17, 2.0533e+17, 2.2850e+17, 2.2708e+17,
         1.6910e+17, 1.5572e+17, 2.2658e+17],
        [2.1777e+17, 2.0198e+17, 2.1044e+17, 1.5248e+17, 2.1627e+17, 1.9468e+17,
         2.0879e+17, 1.7391e+17, 1.1159e+17, 1.7902e+17, 1.3314e+17, 1.8163e+17,
         1.7869e+17, 1.3401e+17, 1.5188e+17, 1.9200e+17, 2.1367e+17, 2.1233e+17,
         1.5812e+17, 1.4561e+17, 2.1187e+17],
        [2.2332e+17, 2.0712e+17, 2.1581e+17, 1.5636e+17, 2.2178e+17, 1.9963e+17,
         2.1411e+17, 1.7834e+17, 1.1443e+17, 1.8358e+17, 1.3653e+17, 1.8625e+17,
         1.8324e+17, 1.3743e+17, 1.5575e+17, 1.9689e+17, 2.1911e+17, 2.1774e+17,
         1.6215e+17, 1.4932e+17, 2.1727e+17],
        [2.4969e+17, 2.3159e+17, 2.4129e+17, 1.7483e+17, 2.4797e+17, 2.2321e+17,
         2.3940e+17, 1.9941e+17, 1.2794e+17, 2.0527e+17, 1.5265e+17, 2.0825e+17,
         2.0488e+17, 1.5366e+17, 1.7414e+17, 2.2015e+17, 2.4499e+17, 2.4346e+17,
         1.8130e+17, 1.6695e+17, 2.4293e+17]])
tensor([6.4814e+13, 6.0114e+13, 6.2634e+13, 4.5382e+13, 6.4368e+13, 5.7940e+13,
        6.2141e+13, 5.1761e+13, 3.3211e+13, 5.3282e+13, 3.9625e+13, 5.4057e+13,
        5.3182e+13, 3.9886e+13, 4.5202e+13, 5.7144e+13, 6.3592e+13, 6.3196e+13,
        4.7061e+13, 4.3337e+13, 6.3059e+13])
[Layer 5]
tensor([[1.3406e+17, 1.4028e+17, 1.1585e+17, 1.1894e+17, 1.3167e+17, 1.3651e+17,
         1.5686e+17, 1.2778e+17, 1.3563e+17, 1.5455e+17, 1.2856e+17, 1.2686e+17,
         1.4489e+17, 1.3623e+17, 1.2971e+17, 1.6051e+17, 1.2119e+17, 1.5510e+17,
         1.1928e+17, 1.2960e+17, 1.4637e+17],
        [1.7143e+17, 1.7938e+17, 1.4814e+17, 1.5209e+17, 1.6836e+17, 1.7455e+17,
         2.0058e+17, 1.6338e+17, 1.7343e+17, 1.9762e+17, 1.6439e+17, 1.6221e+17,
         1.8527e+17, 1.7420e+17, 1.6586e+17, 2.0524e+17, 1.5496e+17, 1.9833e+17,
         1.5252e+17, 1.6571e+17, 1.8716e+17],
        [1.6658e+17, 1.7431e+17, 1.4396e+17, 1.4780e+17, 1.6361e+17, 1.6962e+17,
         1.9491e+17, 1.5877e+17, 1.6853e+17, 1.9204e+17, 1.5975e+17, 1.5763e+17,
         1.8003e+17, 1.6928e+17, 1.6117e+17, 1.9944e+17, 1.5058e+17, 1.9273e+17,
         1.4821e+17, 1.6103e+17, 1.8188e+17],
        [1.3248e+17, 1.3863e+17, 1.1449e+17, 1.1754e+17, 1.3011e+17, 1.3490e+17,
         1.5501e+17, 1.2627e+17, 1.3403e+17, 1.5272e+17, 1.2704e+17, 1.2536e+17,
         1.4318e+17, 1.3463e+17, 1.2818e+17, 1.5861e+17, 1.1976e+17, 1.5327e+17,
         1.1787e+17, 1.2807e+17, 1.4464e+17],
        [1.7402e+17, 1.8209e+17, 1.5038e+17, 1.5439e+17, 1.7091e+17, 1.7719e+17,
         2.0361e+17, 1.6585e+17, 1.7605e+17, 2.0061e+17, 1.6687e+17, 1.6466e+17,
         1.8807e+17, 1.7683e+17, 1.6837e+17, 2.0834e+17, 1.5730e+17, 2.0133e+17,
         1.5483e+17, 1.6822e+17, 1.8999e+17],
        [2.1325e+17, 2.2314e+17, 1.8428e+17, 1.8920e+17, 2.0944e+17, 2.1714e+17,
         2.4951e+17, 2.0325e+17, 2.1574e+17, 2.4583e+17, 2.0450e+17, 2.0179e+17,
         2.3047e+17, 2.1670e+17, 2.0633e+17, 2.5531e+17, 1.9277e+17, 2.4671e+17,
         1.8973e+17, 2.0614e+17, 2.3283e+17],
        [1.5851e+17, 1.6587e+17, 1.3698e+17, 1.4064e+17, 1.5568e+17, 1.6140e+17,
         1.8547e+17, 1.5108e+17, 1.6036e+17, 1.8273e+17, 1.5201e+17, 1.5000e+17,
         1.7131e+17, 1.6108e+17, 1.5337e+17, 1.8978e+17, 1.4329e+17, 1.8339e+17,
         1.4103e+17, 1.5323e+17, 1.7307e+17],
        [1.7246e+17, 1.8046e+17, 1.4904e+17, 1.5301e+17, 1.6938e+17, 1.7561e+17,
         2.0179e+17, 1.6437e+17, 1.7447e+17, 1.9881e+17, 1.6538e+17, 1.6319e+17,
         1.8639e+17, 1.7525e+17, 1.6686e+17, 2.0648e+17, 1.5590e+17, 1.9953e+17,
         1.5344e+17, 1.6671e+17, 1.8829e+17],
        [1.9714e+17, 2.0629e+17, 1.7036e+17, 1.7491e+17, 1.9362e+17, 2.0074e+17,
         2.3067e+17, 1.8790e+17, 1.9944e+17, 2.2726e+17, 1.8905e+17, 1.8655e+17,
         2.1306e+17, 2.0033e+17, 1.9074e+17, 2.3603e+17, 1.7821e+17, 2.2808e+17,
         1.7540e+17, 1.9057e+17, 2.1524e+17],
        [1.8822e+17, 1.9695e+17, 1.6265e+17, 1.6699e+17, 1.8485e+17, 1.9165e+17,
         2.2022e+17, 1.7939e+17, 1.9041e+17, 2.1697e+17, 1.8049e+17, 1.7810e+17,
         2.0341e+17, 1.9126e+17, 1.8210e+17, 2.2534e+17, 1.7014e+17, 2.1775e+17,
         1.6746e+17, 1.8194e+17, 2.0549e+17],
        [2.1376e+17, 2.2368e+17, 1.8473e+17, 1.8965e+17, 2.0994e+17, 2.1766e+17,
         2.5011e+17, 2.0373e+17, 2.1626e+17, 2.4642e+17, 2.0499e+17, 2.0227e+17,
         2.3102e+17, 2.1722e+17, 2.0682e+17, 2.5592e+17, 1.9323e+17, 2.4731e+17,
         1.9019e+17, 2.0664e+17, 2.3339e+17],
        [2.0165e+17, 2.1100e+17, 1.7426e+17, 1.7891e+17, 1.9805e+17, 2.0533e+17,
         2.3594e+17, 1.9219e+17, 2.0400e+17, 2.3246e+17, 1.9337e+17, 1.9081e+17,
         2.1793e+17, 2.0491e+17, 1.9510e+17, 2.4142e+17, 1.8228e+17, 2.3329e+17,
         1.7941e+17, 1.9493e+17, 2.2016e+17],
        [1.7099e+17, 1.7892e+17, 1.4777e+17, 1.5171e+17, 1.6794e+17, 1.7411e+17,
         2.0007e+17, 1.6297e+17, 1.7299e+17, 1.9712e+17, 1.6397e+17, 1.6180e+17,
         1.8480e+17, 1.7376e+17, 1.6544e+17, 2.0472e+17, 1.5457e+17, 1.9783e+17,
         1.5213e+17, 1.6529e+17, 1.8669e+17],
        [1.7812e+17, 1.8639e+17, 1.5393e+17, 1.5804e+17, 1.7494e+17, 1.8137e+17,
         2.0842e+17, 1.6977e+17, 1.8020e+17, 2.0534e+17, 1.7081e+17, 1.6855e+17,
         1.9251e+17, 1.8101e+17, 1.7234e+17, 2.1326e+17, 1.6102e+17, 2.0608e+17,
         1.5848e+17, 1.7219e+17, 1.9448e+17],
        [1.9211e+17, 2.0102e+17, 1.6601e+17, 1.7044e+17, 1.8868e+17, 1.9561e+17,
         2.2477e+17, 1.8310e+17, 1.9435e+17, 2.2146e+17, 1.8422e+17, 1.8178e+17,
         2.0762e+17, 1.9522e+17, 1.8587e+17, 2.3000e+17, 1.7366e+17, 2.2225e+17,
         1.7092e+17, 1.8571e+17, 2.0974e+17],
        [1.7819e+17, 1.8645e+17, 1.5398e+17, 1.5809e+17, 1.7500e+17, 1.8143e+17,
         2.0849e+17, 1.6983e+17, 1.8027e+17, 2.0541e+17, 1.7087e+17, 1.6861e+17,
         1.9257e+17, 1.8107e+17, 1.7240e+17, 2.1333e+17, 1.6107e+17, 2.0615e+17,
         1.5854e+17, 1.7225e+17, 1.9454e+17],
        [1.5168e+17, 1.5871e+17, 1.3107e+17, 1.3457e+17, 1.4897e+17, 1.5444e+17,
         1.7747e+17, 1.4456e+17, 1.5345e+17, 1.7485e+17, 1.4545e+17, 1.4353e+17,
         1.6392e+17, 1.5413e+17, 1.4675e+17, 1.8159e+17, 1.3711e+17, 1.7548e+17,
         1.3495e+17, 1.4662e+17, 1.6560e+17],
        [1.6242e+17, 1.6996e+17, 1.4036e+17, 1.4410e+17, 1.5952e+17, 1.6538e+17,
         1.9004e+17, 1.5480e+17, 1.6432e+17, 1.8724e+17, 1.5576e+17, 1.5369e+17,
         1.7554e+17, 1.6505e+17, 1.5715e+17, 1.9446e+17, 1.4682e+17, 1.8791e+17,
         1.4451e+17, 1.5701e+17, 1.7733e+17],
        [2.0498e+17, 2.1449e+17, 1.7714e+17, 1.8186e+17, 2.0132e+17, 2.0872e+17,
         2.3984e+17, 1.9536e+17, 2.0737e+17, 2.3630e+17, 1.9657e+17, 1.9396e+17,
         2.2153e+17, 2.0830e+17, 1.9832e+17, 2.4541e+17, 1.8529e+17, 2.3715e+17,
         1.8237e+17, 1.9815e+17, 2.2380e+17],
        [1.4915e+17, 1.5607e+17, 1.2889e+17, 1.3233e+17, 1.4648e+17, 1.5187e+17,
         1.7451e+17, 1.4215e+17, 1.5089e+17, 1.7194e+17, 1.4303e+17, 1.4113e+17,
         1.6119e+17, 1.5156e+17, 1.4431e+17, 1.7857e+17, 1.3482e+17, 1.7255e+17,
         1.3270e+17, 1.4418e+17, 1.6284e+17],
        [1.7792e+17, 1.8617e+17, 1.5375e+17, 1.5786e+17, 1.7474e+17, 1.8116e+17,
         2.0817e+17, 1.6957e+17, 1.8000e+17, 2.0510e+17, 1.7062e+17, 1.6836e+17,
         1.9229e+17, 1.8080e+17, 1.7214e+17, 2.1301e+17, 1.6083e+17, 2.0584e+17,
         1.5830e+17, 1.7199e+17, 1.9425e+17]])
tensor([5.0464e+12, 5.2805e+12, 4.3609e+12, 4.4773e+12, 4.9563e+12, 5.1384e+12,
        5.9045e+12, 4.8097e+12, 5.1053e+12, 5.8175e+12, 4.8393e+12, 4.7752e+12,
        5.4539e+12, 5.1281e+12, 4.8826e+12, 6.0417e+12, 4.5617e+12, 5.8383e+12,
        4.4899e+12, 4.8782e+12, 5.5097e+12])
[Layer 6]
tensor([[1.4537e+17, 1.6455e+17, 1.2982e+17, 1.1773e+17, 1.1757e+17, 1.0597e+17,
         1.6261e+17, 1.3393e+17, 1.7412e+17, 1.3453e+17, 1.5536e+17, 1.3105e+17,
         1.2520e+17, 1.3574e+17, 1.6702e+17, 1.5056e+17, 1.4032e+17, 1.5388e+17,
         1.4262e+17, 1.5729e+17, 1.7039e+17],
        [1.7924e+17, 2.0289e+17, 1.6007e+17, 1.4517e+17, 1.4497e+17, 1.3067e+17,
         2.0050e+17, 1.6514e+17, 2.1469e+17, 1.6587e+17, 1.9156e+17, 1.6158e+17,
         1.5437e+17, 1.6737e+17, 2.0593e+17, 1.8564e+17, 1.7301e+17, 1.8973e+17,
         1.7585e+17, 1.9393e+17, 2.1010e+17],
        [1.9673e+17, 2.2268e+17, 1.7568e+17, 1.5933e+17, 1.5911e+17, 1.4341e+17,
         2.2006e+17, 1.8125e+17, 2.3563e+17, 1.8205e+17, 2.1025e+17, 1.7734e+17,
         1.6943e+17, 1.8370e+17, 2.2603e+17, 2.0375e+17, 1.8989e+17, 2.0825e+17,
         1.9301e+17, 2.1285e+17, 2.3059e+17],
        [1.6392e+17, 1.8554e+17, 1.4638e+17, 1.3275e+17, 1.3257e+17, 1.1949e+17,
         1.8335e+17, 1.5102e+17, 1.9633e+17, 1.5169e+17, 1.7519e+17, 1.4776e+17,
         1.4117e+17, 1.5306e+17, 1.8833e+17, 1.6977e+17, 1.5822e+17, 1.7351e+17,
         1.6082e+17, 1.7735e+17, 1.9213e+17],
        [1.9257e+17, 2.1798e+17, 1.7198e+17, 1.5596e+17, 1.5575e+17, 1.4039e+17,
         2.1541e+17, 1.7742e+17, 2.3066e+17, 1.7821e+17, 2.0582e+17, 1.7360e+17,
         1.6585e+17, 1.7982e+17, 2.2125e+17, 1.9945e+17, 1.8588e+17, 2.0385e+17,
         1.8893e+17, 2.0836e+17, 2.2573e+17],
        [1.8489e+17, 2.0928e+17, 1.6511e+17, 1.4974e+17, 1.4953e+17, 1.3478e+17,
         2.0681e+17, 1.7034e+17, 2.2145e+17, 1.7109e+17, 1.9760e+17, 1.6667e+17,
         1.5923e+17, 1.7264e+17, 2.1242e+17, 1.9149e+17, 1.7846e+17, 1.9571e+17,
         1.8139e+17, 2.0004e+17, 2.1671e+17],
        [2.0631e+17, 2.3353e+17, 1.8424e+17, 1.6709e+17, 1.6686e+17, 1.5040e+17,
         2.3078e+17, 1.9008e+17, 2.4711e+17, 1.9092e+17, 2.2050e+17, 1.8598e+17,
         1.7768e+17, 1.9265e+17, 2.3704e+17, 2.1368e+17, 1.9914e+17, 2.1839e+17,
         2.0241e+17, 2.2322e+17, 2.4183e+17],
        [1.6334e+17, 1.8489e+17, 1.4587e+17, 1.3229e+17, 1.3211e+17, 1.1907e+17,
         1.8271e+17, 1.5049e+17, 1.9564e+17, 1.5116e+17, 1.7457e+17, 1.4725e+17,
         1.4067e+17, 1.5252e+17, 1.8767e+17, 1.6917e+17, 1.5766e+17, 1.7290e+17,
         1.6025e+17, 1.7673e+17, 1.9146e+17],
        [1.7504e+17, 1.9813e+17, 1.5631e+17, 1.4176e+17, 1.4157e+17, 1.2760e+17,
         1.9579e+17, 1.6126e+17, 2.0965e+17, 1.6198e+17, 1.8707e+17, 1.5779e+17,
         1.5075e+17, 1.6344e+17, 2.0110e+17, 1.8129e+17, 1.6895e+17, 1.8528e+17,
         1.7173e+17, 1.8938e+17, 2.0517e+17],
        [1.6154e+17, 1.8284e+17, 1.4426e+17, 1.3083e+17, 1.3065e+17, 1.1776e+17,
         1.8069e+17, 1.4883e+17, 1.9348e+17, 1.4949e+17, 1.7264e+17, 1.4562e+17,
         1.3912e+17, 1.5084e+17, 1.8559e+17, 1.6730e+17, 1.5592e+17, 1.7099e+17,
         1.5848e+17, 1.7478e+17, 1.8934e+17],
        [1.7511e+17, 1.9821e+17, 1.5638e+17, 1.4182e+17, 1.4162e+17, 1.2765e+17,
         1.9587e+17, 1.6133e+17, 2.0973e+17, 1.6204e+17, 1.8715e+17, 1.5785e+17,
         1.5081e+17, 1.6351e+17, 2.0118e+17, 1.8136e+17, 1.6902e+17, 1.8536e+17,
         1.7180e+17, 1.8946e+17, 2.0525e+17],
        [1.6939e+17, 1.9174e+17, 1.5128e+17, 1.3719e+17, 1.3700e+17, 1.2349e+17,
         1.8948e+17, 1.5607e+17, 2.0289e+17, 1.5676e+17, 1.8104e+17, 1.5270e+17,
         1.4589e+17, 1.5818e+17, 1.9462e+17, 1.7544e+17, 1.6351e+17, 1.7931e+17,
         1.6619e+17, 1.8328e+17, 1.9856e+17],
        [2.3806e+17, 2.6947e+17, 2.1260e+17, 1.9280e+17, 1.9254e+17, 1.7355e+17,
         2.6629e+17, 2.1933e+17, 2.8514e+17, 2.2031e+17, 2.5443e+17, 2.1461e+17,
         2.0503e+17, 2.2230e+17, 2.7352e+17, 2.4656e+17, 2.2979e+17, 2.5200e+17,
         2.3356e+17, 2.5757e+17, 2.7904e+17],
        [2.0145e+17, 2.2803e+17, 1.7990e+17, 1.6315e+17, 1.6293e+17, 1.4686e+17,
         2.2534e+17, 1.8560e+17, 2.4129e+17, 1.8643e+17, 2.1530e+17, 1.8160e+17,
         1.7350e+17, 1.8811e+17, 2.3145e+17, 2.0865e+17, 1.9445e+17, 2.1325e+17,
         1.9764e+17, 2.1796e+17, 2.3613e+17],
        [1.8824e+17, 2.1307e+17, 1.6810e+17, 1.5245e+17, 1.5225e+17, 1.3723e+17,
         2.1056e+17, 1.7343e+17, 2.2546e+17, 1.7420e+17, 2.0118e+17, 1.6969e+17,
         1.6212e+17, 1.7577e+17, 2.1627e+17, 1.9496e+17, 1.8170e+17, 1.9926e+17,
         1.8468e+17, 2.0367e+17, 2.2064e+17],
        [1.5676e+17, 1.7744e+17, 1.3999e+17, 1.2696e+17, 1.2679e+17, 1.1428e+17,
         1.7535e+17, 1.4443e+17, 1.8776e+17, 1.4507e+17, 1.6754e+17, 1.4131e+17,
         1.3501e+17, 1.4638e+17, 1.8011e+17, 1.6236e+17, 1.5131e+17, 1.6594e+17,
         1.5380e+17, 1.6961e+17, 1.8375e+17],
        [2.1078e+17, 2.3859e+17, 1.8824e+17, 1.7071e+17, 1.7048e+17, 1.5366e+17,
         2.3578e+17, 1.9420e+17, 2.5247e+17, 1.9506e+17, 2.2528e+17, 1.9001e+17,
         1.8153e+17, 1.9683e+17, 2.4218e+17, 2.1831e+17, 2.0346e+17, 2.2312e+17,
         2.0680e+17, 2.2806e+17, 2.4707e+17],
        [1.9250e+17, 2.1790e+17, 1.7191e+17, 1.5591e+17, 1.5570e+17, 1.4034e+17,
         2.1533e+17, 1.7736e+17, 2.3057e+17, 1.7815e+17, 2.0574e+17, 1.7354e+17,
         1.6579e+17, 1.7976e+17, 2.2117e+17, 1.9938e+17, 1.8581e+17, 2.0377e+17,
         1.8886e+17, 2.0828e+17, 2.2564e+17],
        [1.5760e+17, 1.7839e+17, 1.4074e+17, 1.2764e+17, 1.2746e+17, 1.1489e+17,
         1.7629e+17, 1.4520e+17, 1.8876e+17, 1.4584e+17, 1.6843e+17, 1.4207e+17,
         1.3573e+17, 1.4716e+17, 1.8107e+17, 1.6323e+17, 1.5212e+17, 1.6682e+17,
         1.5462e+17, 1.7052e+17, 1.8473e+17],
        [1.6674e+17, 1.8874e+17, 1.4891e+17, 1.3504e+17, 1.3486e+17, 1.2156e+17,
         1.8652e+17, 1.5363e+17, 1.9972e+17, 1.5431e+17, 1.7821e+17, 1.5031e+17,
         1.4361e+17, 1.5570e+17, 1.9158e+17, 1.7270e+17, 1.6095e+17, 1.7651e+17,
         1.6359e+17, 1.8041e+17, 1.9545e+17],
        [1.5930e+17, 1.8031e+17, 1.4226e+17, 1.2901e+17, 1.2884e+17, 1.1613e+17,
         1.7819e+17, 1.4676e+17, 1.9080e+17, 1.4741e+17, 1.7025e+17, 1.4360e+17,
         1.3719e+17, 1.4875e+17, 1.8302e+17, 1.6498e+17, 1.5376e+17, 1.6862e+17,
         1.5628e+17, 1.7235e+17, 1.8672e+17]])
tensor([4.9818e+11, 5.6390e+11, 4.4489e+11, 4.0347e+11, 4.0292e+11, 3.6317e+11,
        5.5726e+11, 4.5898e+11, 5.9669e+11, 4.6102e+11, 5.3243e+11, 4.4909e+11,
        4.2905e+11, 4.6519e+11, 5.7237e+11, 5.1597e+11, 4.8086e+11, 5.2734e+11,
        4.8876e+11, 5.3901e+11, 5.8394e+11])
[Layer 7]
tensor([[1.8629e+17, 2.2877e+17, 1.8659e+17, 1.6248e+17, 1.7050e+17, 1.7546e+17,
         1.2148e+17, 1.6914e+17, 1.6259e+17, 1.6875e+17, 2.1134e+17, 1.8499e+17,
         1.8382e+17, 1.9768e+17, 2.1349e+17, 1.4116e+17, 1.9878e+17, 1.6539e+17,
         1.7029e+17, 1.7475e+17, 1.7315e+17],
        [2.1290e+17, 2.6145e+17, 2.1325e+17, 1.8569e+17, 1.9485e+17, 2.0052e+17,
         1.3883e+17, 1.9330e+17, 1.8582e+17, 1.9285e+17, 2.4153e+17, 2.1141e+17,
         2.1008e+17, 2.2591e+17, 2.4399e+17, 1.6132e+17, 2.2717e+17, 1.8901e+17,
         1.9461e+17, 1.9971e+17, 1.9788e+17],
        [1.9706e+17, 2.4200e+17, 1.9738e+17, 1.7187e+17, 1.8035e+17, 1.8560e+17,
         1.2850e+17, 1.7892e+17, 1.7199e+17, 1.7850e+17, 2.2356e+17, 1.9568e+17,
         1.9445e+17, 2.0910e+17, 2.2583e+17, 1.4932e+17, 2.1027e+17, 1.7495e+17,
         1.8014e+17, 1.8485e+17, 1.8316e+17],
        [1.6508e+17, 2.0273e+17, 1.6535e+17, 1.4398e+17, 1.5108e+17, 1.5548e+17,
         1.0765e+17, 1.4988e+17, 1.4408e+17, 1.4953e+17, 1.8728e+17, 1.6393e+17,
         1.6289e+17, 1.7517e+17, 1.8919e+17, 1.2509e+17, 1.7614e+17, 1.4656e+17,
         1.5090e+17, 1.5485e+17, 1.5344e+17],
        [2.3354e+17, 2.8681e+17, 2.3393e+17, 2.0369e+17, 2.1375e+17, 2.1996e+17,
         1.5229e+17, 2.1204e+17, 2.0384e+17, 2.1155e+17, 2.6495e+17, 2.3192e+17,
         2.3045e+17, 2.4782e+17, 2.6765e+17, 1.7697e+17, 2.4920e+17, 2.0734e+17,
         2.1349e+17, 2.1907e+17, 2.1708e+17],
        [2.1066e+17, 2.5870e+17, 2.1101e+17, 1.8374e+17, 1.9280e+17, 1.9841e+17,
         1.3737e+17, 1.9127e+17, 1.8386e+17, 1.9082e+17, 2.3899e+17, 2.0919e+17,
         2.0787e+17, 2.2354e+17, 2.4143e+17, 1.5963e+17, 2.2478e+17, 1.8702e+17,
         1.9257e+17, 1.9761e+17, 1.9581e+17],
        [2.1137e+17, 2.5957e+17, 2.1171e+17, 1.8435e+17, 1.9345e+17, 1.9907e+17,
         1.3783e+17, 1.9191e+17, 1.8448e+17, 1.9146e+17, 2.3979e+17, 2.0989e+17,
         2.0857e+17, 2.2429e+17, 2.4223e+17, 1.6016e+17, 2.2553e+17, 1.8765e+17,
         1.9321e+17, 1.9827e+17, 1.9646e+17],
        [1.7288e+17, 2.1231e+17, 1.7317e+17, 1.5079e+17, 1.5823e+17, 1.6283e+17,
         1.1274e+17, 1.5697e+17, 1.5089e+17, 1.5660e+17, 1.9613e+17, 1.7168e+17,
         1.7059e+17, 1.8345e+17, 1.9813e+17, 1.3101e+17, 1.8447e+17, 1.5349e+17,
         1.5804e+17, 1.6217e+17, 1.6069e+17],
        [1.7137e+17, 2.1046e+17, 1.7165e+17, 1.4947e+17, 1.5684e+17, 1.6141e+17,
         1.1175e+17, 1.5560e+17, 1.4957e+17, 1.5524e+17, 1.9442e+17, 1.7018e+17,
         1.6910e+17, 1.8185e+17, 1.9640e+17, 1.2986e+17, 1.8286e+17, 1.5214e+17,
         1.5666e+17, 1.6076e+17, 1.5929e+17],
        [2.1567e+17, 2.6486e+17, 2.1603e+17, 1.8811e+17, 1.9739e+17, 2.0313e+17,
         1.4064e+17, 1.9582e+17, 1.8824e+17, 1.9536e+17, 2.4468e+17, 2.1417e+17,
         2.1282e+17, 2.2886e+17, 2.4717e+17, 1.6343e+17, 2.3013e+17, 1.9147e+17,
         1.9715e+17, 2.0231e+17, 2.0046e+17],
        [2.1279e+17, 2.6132e+17, 2.1314e+17, 1.8559e+17, 1.9475e+17, 2.0041e+17,
         1.3876e+17, 1.9320e+17, 1.8572e+17, 1.9275e+17, 2.4140e+17, 2.1131e+17,
         2.0997e+17, 2.2580e+17, 2.4386e+17, 1.6124e+17, 2.2705e+17, 1.8891e+17,
         1.9452e+17, 1.9960e+17, 1.9778e+17],
        [2.1181e+17, 2.6012e+17, 2.1216e+17, 1.8474e+17, 1.9386e+17, 1.9950e+17,
         1.3812e+17, 1.9231e+17, 1.8487e+17, 1.9187e+17, 2.4030e+17, 2.1034e+17,
         2.0901e+17, 2.2476e+17, 2.4275e+17, 1.6050e+17, 2.2601e+17, 1.8805e+17,
         1.9362e+17, 1.9869e+17, 1.9688e+17],
        [1.8651e+17, 2.2905e+17, 1.8682e+17, 1.6268e+17, 1.7070e+17, 1.7567e+17,
         1.2163e+17, 1.6934e+17, 1.6279e+17, 1.6895e+17, 2.1160e+17, 1.8521e+17,
         1.8404e+17, 1.9791e+17, 2.1375e+17, 1.4133e+17, 1.9902e+17, 1.6559e+17,
         1.7050e+17, 1.7496e+17, 1.7336e+17],
        [2.0929e+17, 2.5702e+17, 2.0964e+17, 1.8254e+17, 1.9155e+17, 1.9712e+17,
         1.3648e+17, 1.9003e+17, 1.8267e+17, 1.8958e+17, 2.3744e+17, 2.0783e+17,
         2.0652e+17, 2.2209e+17, 2.3986e+17, 1.5859e+17, 2.2332e+17, 1.8581e+17,
         1.9132e+17, 1.9633e+17, 1.9453e+17],
        [1.9565e+17, 2.4027e+17, 1.9597e+17, 1.7064e+17, 1.7906e+17, 1.8427e+17,
         1.2758e+17, 1.7764e+17, 1.7076e+17, 1.7723e+17, 2.2196e+17, 1.9429e+17,
         1.9306e+17, 2.0761e+17, 2.2422e+17, 1.4826e+17, 2.0876e+17, 1.7370e+17,
         1.7885e+17, 1.8353e+17, 1.8185e+17],
        [1.6703e+17, 2.0513e+17, 1.6731e+17, 1.4568e+17, 1.5287e+17, 1.5732e+17,
         1.0892e+17, 1.5166e+17, 1.4579e+17, 1.5130e+17, 1.8950e+17, 1.6587e+17,
         1.6482e+17, 1.7724e+17, 1.9143e+17, 1.2657e+17, 1.7823e+17, 1.4829e+17,
         1.5269e+17, 1.5668e+17, 1.5525e+17],
        [1.6661e+17, 2.0461e+17, 1.6689e+17, 1.4532e+17, 1.5249e+17, 1.5693e+17,
         1.0865e+17, 1.5128e+17, 1.4542e+17, 1.5092e+17, 1.8902e+17, 1.6545e+17,
         1.6441e+17, 1.7680e+17, 1.9095e+17, 1.2625e+17, 1.7778e+17, 1.4792e+17,
         1.5231e+17, 1.5629e+17, 1.5486e+17],
        [2.1136e+17, 2.5956e+17, 2.1170e+17, 1.8434e+17, 1.9344e+17, 1.9907e+17,
         1.3783e+17, 1.9190e+17, 1.8447e+17, 1.9145e+17, 2.3978e+17, 2.0988e+17,
         2.0856e+17, 2.2428e+17, 2.4222e+17, 1.6016e+17, 2.2552e+17, 1.8764e+17,
         1.9321e+17, 1.9826e+17, 1.9645e+17],
        [1.9397e+17, 2.3821e+17, 1.9429e+17, 1.6918e+17, 1.7753e+17, 1.8269e+17,
         1.2649e+17, 1.7611e+17, 1.6930e+17, 1.7570e+17, 2.2006e+17, 1.9262e+17,
         1.9140e+17, 2.0583e+17, 2.2230e+17, 1.4698e+17, 2.0697e+17, 1.7221e+17,
         1.7731e+17, 1.8195e+17, 1.8029e+17],
        [1.6904e+17, 2.0759e+17, 1.6932e+17, 1.4744e+17, 1.5471e+17, 1.5921e+17,
         1.1023e+17, 1.5348e+17, 1.4754e+17, 1.5312e+17, 1.9177e+17, 1.6786e+17,
         1.6680e+17, 1.7938e+17, 1.9373e+17, 1.2809e+17, 1.8037e+17, 1.5008e+17,
         1.5453e+17, 1.5857e+17, 1.5712e+17],
        [2.0909e+17, 2.5677e+17, 2.0943e+17, 1.8237e+17, 1.9136e+17, 1.9693e+17,
         1.3635e+17, 1.8984e+17, 1.8249e+17, 1.8940e+17, 2.3721e+17, 2.0763e+17,
         2.0632e+17, 2.2187e+17, 2.3962e+17, 1.5844e+17, 2.2311e+17, 1.8563e+17,
         1.9113e+17, 1.9613e+17, 1.9435e+17]])
tensor([5.2006e+10, 6.3866e+10, 5.2091e+10, 4.5359e+10, 4.7597e+10, 4.8981e+10,
        3.3913e+10, 4.7218e+10, 4.5390e+10, 4.7108e+10, 5.8999e+10, 5.1643e+10,
        5.1317e+10, 5.5184e+10, 5.9600e+10, 3.9408e+10, 5.5492e+10, 4.6170e+10,
        4.7540e+10, 4.8783e+10, 4.8338e+10])
[Layer 8]
tensor([[2.8313e+17, 1.5125e+17, 5.4967e+16, 2.7632e+17, 4.0533e+16, 7.0739e+16,
         2.8140e+17, 9.3698e+16, 1.2077e+17, 7.1057e+16, 2.6483e+17, 2.7226e+17,
         1.2769e+17, 2.6978e+17, 2.1681e+17, 2.5327e+17, 2.5402e+17, 2.9338e+15,
         1.2545e+17, 5.8154e+16, 2.2757e+17],
        [3.0035e+17, 1.6045e+17, 5.8309e+16, 2.9312e+17, 4.2998e+16, 7.5041e+16,
         2.9852e+17, 9.9395e+16, 1.2811e+17, 7.5377e+16, 2.8093e+17, 2.8881e+17,
         1.3545e+17, 2.8618e+17, 2.2999e+17, 2.6867e+17, 2.6946e+17, 3.1122e+15,
         1.3308e+17, 6.1691e+16, 2.4141e+17],
        [3.0916e+17, 1.6516e+17, 6.0021e+16, 3.0172e+17, 4.4260e+16, 7.7244e+16,
         3.0728e+17, 1.0231e+17, 1.3187e+17, 7.7590e+16, 2.8918e+17, 2.9729e+17,
         1.3943e+17, 2.9458e+17, 2.3674e+17, 2.7656e+17, 2.7738e+17, 3.2036e+15,
         1.3698e+17, 6.3502e+16, 2.4849e+17],
        [2.5351e+17, 1.3543e+17, 4.9217e+16, 2.4741e+17, 3.6293e+16, 6.3339e+16,
         2.5197e+17, 8.3896e+16, 1.0813e+17, 6.3624e+16, 2.3713e+17, 2.4378e+17,
         1.1433e+17, 2.4155e+17, 1.9413e+17, 2.2678e+17, 2.2745e+17, 2.6269e+15,
         1.1233e+17, 5.2071e+16, 2.0376e+17],
        [2.8994e+17, 1.5489e+17, 5.6289e+16, 2.8297e+17, 4.1508e+16, 7.2441e+16,
         2.8818e+17, 9.5953e+16, 1.2367e+17, 7.2767e+16, 2.7120e+17, 2.7881e+17,
         1.3076e+17, 2.7627e+17, 2.2202e+17, 2.5937e+17, 2.6013e+17, 3.0044e+15,
         1.2847e+17, 5.9554e+16, 2.3304e+17],
        [3.0304e+17, 1.6189e+17, 5.8832e+16, 2.9575e+17, 4.3384e+16, 7.5714e+16,
         3.0120e+17, 1.0029e+17, 1.2926e+17, 7.6054e+16, 2.8346e+17, 2.9140e+17,
         1.3667e+17, 2.8875e+17, 2.3205e+17, 2.7109e+17, 2.7188e+17, 3.1401e+15,
         1.3427e+17, 6.2244e+16, 2.4357e+17],
        [3.6665e+17, 1.9586e+17, 7.1180e+16, 3.5782e+17, 5.2489e+16, 9.1606e+16,
         3.6441e+17, 1.2134e+17, 1.5639e+17, 9.2017e+16, 3.4295e+17, 3.5256e+17,
         1.6535e+17, 3.4935e+17, 2.8076e+17, 3.2798e+17, 3.2895e+17, 3.7992e+15,
         1.6245e+17, 7.5309e+16, 2.9469e+17],
        [3.1209e+17, 1.6672e+17, 6.0588e+16, 3.0458e+17, 4.4679e+16, 7.7974e+16,
         3.1019e+17, 1.0328e+17, 1.3312e+17, 7.8324e+16, 2.9192e+17, 3.0010e+17,
         1.4075e+17, 2.9737e+17, 2.3898e+17, 2.7918e+17, 2.8000e+17, 3.2339e+15,
         1.3828e+17, 6.4102e+16, 2.5084e+17],
        [2.9873e+17, 1.5958e+17, 5.7996e+16, 2.9154e+17, 4.2767e+16, 7.4637e+16,
         2.9691e+17, 9.8861e+16, 1.2742e+17, 7.4972e+16, 2.7943e+17, 2.8726e+17,
         1.3472e+17, 2.8464e+17, 2.2875e+17, 2.6723e+17, 2.6802e+17, 3.0955e+15,
         1.3236e+17, 6.1359e+16, 2.4011e+17],
        [2.8228e+17, 1.5080e+17, 5.4802e+16, 2.7549e+17, 4.0411e+16, 7.0527e+16,
         2.8056e+17, 9.3417e+16, 1.2040e+17, 7.0843e+16, 2.6404e+17, 2.7144e+17,
         1.2730e+17, 2.6897e+17, 2.1616e+17, 2.5251e+17, 2.5326e+17, 2.9250e+15,
         1.2507e+17, 5.7980e+16, 2.2688e+17],
        [3.2081e+17, 1.7138e+17, 6.2283e+16, 3.1309e+17, 4.5928e+16, 8.0154e+16,
         3.1886e+17, 1.0617e+17, 1.3684e+17, 8.0514e+16, 3.0008e+17, 3.0849e+17,
         1.4468e+17, 3.0568e+17, 2.4566e+17, 2.8698e+17, 2.8783e+17, 3.3243e+15,
         1.4215e+17, 6.5895e+16, 2.5786e+17],
        [3.1042e+17, 1.6583e+17, 6.0264e+16, 3.0295e+17, 4.4439e+16, 7.7557e+16,
         3.0853e+17, 1.0273e+17, 1.3241e+17, 7.7905e+16, 2.9035e+17, 2.9849e+17,
         1.3999e+17, 2.9577e+17, 2.3770e+17, 2.7768e+17, 2.7850e+17, 3.2166e+15,
         1.3754e+17, 6.3759e+16, 2.4950e+17],
        [2.8260e+17, 1.5097e+17, 5.4864e+16, 2.7580e+17, 4.0457e+16, 7.0607e+16,
         2.8088e+17, 9.3523e+16, 1.2054e+17, 7.0924e+16, 2.6434e+17, 2.7175e+17,
         1.2745e+17, 2.6927e+17, 2.1640e+17, 2.5280e+17, 2.5354e+17, 2.9283e+15,
         1.2521e+17, 5.8046e+16, 2.2714e+17],
        [3.2411e+17, 1.7314e+17, 6.2922e+16, 3.1631e+17, 4.6400e+16, 8.0978e+16,
         3.2213e+17, 1.0726e+17, 1.3825e+17, 8.1341e+16, 3.0316e+17, 3.1166e+17,
         1.4617e+17, 3.0882e+17, 2.4819e+17, 2.8993e+17, 2.9078e+17, 3.3584e+15,
         1.4361e+17, 6.6571e+16, 2.6050e+17],
        [3.3097e+17, 1.7681e+17, 6.4254e+16, 3.2300e+17, 4.7382e+16, 8.2691e+16,
         3.2895e+17, 1.0953e+17, 1.4117e+17, 8.3062e+16, 3.0958e+17, 3.1826e+17,
         1.4926e+17, 3.1536e+17, 2.5344e+17, 2.9607e+17, 2.9694e+17, 3.4295e+15,
         1.4664e+17, 6.7980e+16, 2.6602e+17],
        [3.3743e+17, 1.8026e+17, 6.5509e+16, 3.2931e+17, 4.8307e+16, 8.4307e+16,
         3.3538e+17, 1.1167e+17, 1.4393e+17, 8.4685e+16, 3.1563e+17, 3.2447e+17,
         1.5218e+17, 3.2152e+17, 2.5839e+17, 3.0185e+17, 3.0274e+17, 3.4965e+15,
         1.4951e+17, 6.9308e+16, 2.7121e+17],
        [2.7845e+17, 1.4875e+17, 5.4057e+16, 2.7174e+17, 3.9862e+16, 6.9569e+16,
         2.7675e+17, 9.2148e+16, 1.1877e+17, 6.9881e+16, 2.6045e+17, 2.6775e+17,
         1.2557e+17, 2.6531e+17, 2.1322e+17, 2.4908e+17, 2.4982e+17, 2.8853e+15,
         1.2337e+17, 5.7192e+16, 2.2380e+17],
        [2.6030e+17, 1.3906e+17, 5.0535e+16, 2.5404e+17, 3.7265e+16, 6.5036e+16,
         2.5872e+17, 8.6144e+16, 1.1103e+17, 6.5328e+16, 2.4348e+17, 2.5031e+17,
         1.1739e+17, 2.4803e+17, 1.9933e+17, 2.3286e+17, 2.3354e+17, 2.6973e+15,
         1.1534e+17, 5.3466e+16, 2.0922e+17],
        [3.3012e+17, 1.7635e+17, 6.4089e+16, 3.2218e+17, 4.7260e+16, 8.2480e+16,
         3.2811e+17, 1.0925e+17, 1.4081e+17, 8.2850e+16, 3.0878e+17, 3.1744e+17,
         1.4888e+17, 3.1455e+17, 2.5279e+17, 2.9531e+17, 2.9618e+17, 3.4207e+15,
         1.4627e+17, 6.7806e+16, 2.6534e+17],
        [2.5452e+17, 1.3597e+17, 4.9412e+16, 2.4839e+17, 3.6437e+16, 6.3591e+16,
         2.5297e+17, 8.4230e+16, 1.0856e+17, 6.3876e+16, 2.3807e+17, 2.4474e+17,
         1.1478e+17, 2.4251e+17, 1.9490e+17, 2.2768e+17, 2.2835e+17, 2.6373e+15,
         1.1277e+17, 5.2278e+16, 2.0457e+17],
        [2.3969e+17, 1.2804e+17, 4.6533e+16, 2.3392e+17, 3.4314e+16, 5.9885e+16,
         2.3823e+17, 7.9321e+16, 1.0224e+17, 6.0154e+16, 2.2420e+17, 2.3048e+17,
         1.0810e+17, 2.2838e+17, 1.8354e+17, 2.1441e+17, 2.1504e+17, 2.4837e+15,
         1.0620e+17, 4.9231e+16, 1.9265e+17]])
tensor([8.0247e+09, 4.2869e+09, 1.5579e+09, 7.8316e+09, 1.1488e+09, 2.0050e+09,
        7.9758e+09, 2.6557e+09, 3.4229e+09, 2.0140e+09, 7.5061e+09, 7.7165e+09,
        3.6190e+09, 7.6462e+09, 6.1449e+09, 7.1785e+09, 7.1996e+09, 8.3153e+07,
        3.5556e+09, 1.6483e+09, 6.4499e+09])
[Layer 9]
tensor([[3.3648e+18],
        [3.9744e+18],
        [3.2114e+18],
        [3.1965e+18],
        [3.7719e+18],
        [4.0183e+18],
        [3.6289e+18],
        [4.0258e+18],
        [3.6972e+18],
        [3.8413e+18],
        [3.1913e+18],
        [3.3666e+18],
        [3.1649e+18],
        [3.3297e+18],
        [4.0063e+18],
        [2.6015e+18],
        [2.6934e+18],
        [3.1160e+18],
        [3.0900e+18],
        [3.2528e+18],
        [4.6124e+18]])
tensor(8.8141e+09)
