[Layer 0]
tensor([[0., 0., 0., 0., 0., 0., 0., 0., 0., 0., 0., 0., 0., 0., 0., 0., 0., 0., 0., 0., 0.],
        [0., 0., 0., 0., 0., 0., 0., 0., 0., 0., 0., 0., 0., 0., 0., 0., 0., 0., 0., 0., 0.],
        [0., 0., 0., 0., 0., 0., 0., 0., 0., 0., 0., 0., 0., 0., 0., 0., 0., 0., 0., 0., 0.],
        [0., 0., 0., 0., 0., 0., 0., 0., 0., 0., 0., 0., 0., 0., 0., 0., 0., 0., 0., 0., 0.],
        [0., 0., 0., 0., 0., 0., 0., 0., 0., 0., 0., 0., 0., 0., 0., 0., 0., 0., 0., 0., 0.],
        [0., 0., 0., 0., 0., 0., 0., 0., 0., 0., 0., 0., 0., 0., 0., 0., 0., 0., 0., 0., 0.],
        [0., 0., 0., 0., 0., 0., 0., 0., 0., 0., 0., 0., 0., 0., 0., 0., 0., 0., 0., 0., 0.],
        [0., 0., 0., 0., 0., 0., 0., 0., 0., 0., 0., 0., 0., 0., 0., 0., 0., 0., 0., 0., 0.],
        [0., 0., 0., 0., 0., 0., 0., 0., 0., 0., 0., 0., 0., 0., 0., 0., 0., 0., 0., 0., 0.],
        [0., 0., 0., 0., 0., 0., 0., 0., 0., 0., 0., 0., 0., 0., 0., 0., 0., 0., 0., 0., 0.]])
tensor([0., 0., 0., 0., 0., 0., 0., 0., 0., 0., 0., 0., 0., 0., 0., 0., 0., 0., 0., 0., 0.])
[Layer 1]
tensor([[0., 0., 0., 0., 0., 0., 0., 0., 0., 0., 0., 0., 0., 0., 0., 0., 0., 0., 0., 0., 0.],
        [0., 0., 0., 0., 0., 0., 0., 0., 0., 0., 0., 0., 0., 0., 0., 0., 0., 0., 0., 0., 0.],
        [0., 0., 0., 0., 0., 0., 0., 0., 0., 0., 0., 0., 0., 0., 0., 0., 0., 0., 0., 0., 0.],
        [0., 0., 0., 0., 0., 0., 0., 0., 0., 0., 0., 0., 0., 0., 0., 0., 0., 0., 0., 0., 0.],
        [0., 0., 0., 0., 0., 0., 0., 0., 0., 0., 0., 0., 0., 0., 0., 0., 0., 0., 0., 0., 0.],
        [0., 0., 0., 0., 0., 0., 0., 0., 0., 0., 0., 0., 0., 0., 0., 0., 0., 0., 0., 0., 0.],
        [0., 0., 0., 0., 0., 0., 0., 0., 0., 0., 0., 0., 0., 0., 0., 0., 0., 0., 0., 0., 0.],
        [0., 0., 0., 0., 0., 0., 0., 0., 0., 0., 0., 0., 0., 0., 0., 0., 0., 0., 0., 0., 0.],
        [0., 0., 0., 0., 0., 0., 0., 0., 0., 0., 0., 0., 0., 0., 0., 0., 0., 0., 0., 0., 0.],
        [0., 0., 0., 0., 0., 0., 0., 0., 0., 0., 0., 0., 0., 0., 0., 0., 0., 0., 0., 0., 0.],
        [0., 0., 0., 0., 0., 0., 0., 0., 0., 0., 0., 0., 0., 0., 0., 0., 0., 0., 0., 0., 0.],
        [0., 0., 0., 0., 0., 0., 0., 0., 0., 0., 0., 0., 0., 0., 0., 0., 0., 0., 0., 0., 0.],
        [0., 0., 0., 0., 0., 0., 0., 0., 0., 0., 0., 0., 0., 0., 0., 0., 0., 0., 0., 0., 0.],
        [0., 0., 0., 0., 0., 0., 0., 0., 0., 0., 0., 0., 0., 0., 0., 0., 0., 0., 0., 0., 0.],
        [0., 0., 0., 0., 0., 0., 0., 0., 0., 0., 0., 0., 0., 0., 0., 0., 0., 0., 0., 0., 0.],
        [0., 0., 0., 0., 0., 0., 0., 0., 0., 0., 0., 0., 0., 0., 0., 0., 0., 0., 0., 0., 0.],
        [0., 0., 0., 0., 0., 0., 0., 0., 0., 0., 0., 0., 0., 0., 0., 0., 0., 0., 0., 0., 0.],
        [0., 0., 0., 0., 0., 0., 0., 0., 0., 0., 0., 0., 0., 0., 0., 0., 0., 0., 0., 0., 0.],
        [0., 0., 0., 0., 0., 0., 0., 0., 0., 0., 0., 0., 0., 0., 0., 0., 0., 0., 0., 0., 0.],
        [0., 0., 0., 0., 0., 0., 0., 0., 0., 0., 0., 0., 0., 0., 0., 0., 0., 0., 0., 0., 0.],
        [0., 0., 0., 0., 0., 0., 0., 0., 0., 0., 0., 0., 0., 0., 0., 0., 0., 0., 0., 0., 0.]])
tensor([0., 0., 0., 0., 0., 0., 0., 0., 0., 0., 0., 0., 0., 0., 0., 0., 0., 0., 0., 0., 0.])
[Layer 2]
tensor([[0., 0., 0., 0., 0., 0., 0., 0., 0., 0., 0., 0., 0., 0., 0., 0., 0., 0., 0., 0., 0.],
        [0., 0., 0., 0., 0., 0., 0., 0., 0., 0., 0., 0., 0., 0., 0., 0., 0., 0., 0., 0., 0.],
        [0., 0., 0., 0., 0., 0., 0., 0., 0., 0., 0., 0., 0., 0., 0., 0., 0., 0., 0., 0., 0.],
        [0., 0., 0., 0., 0., 0., 0., 0., 0., 0., 0., 0., 0., 0., 0., 0., 0., 0., 0., 0., 0.],
        [0., 0., 0., 0., 0., 0., 0., 0., 0., 0., 0., 0., 0., 0., 0., 0., 0., 0., 0., 0., 0.],
        [0., 0., 0., 0., 0., 0., 0., 0., 0., 0., 0., 0., 0., 0., 0., 0., 0., 0., 0., 0., 0.],
        [0., 0., 0., 0., 0., 0., 0., 0., 0., 0., 0., 0., 0., 0., 0., 0., 0., 0., 0., 0., 0.],
        [0., 0., 0., 0., 0., 0., 0., 0., 0., 0., 0., 0., 0., 0., 0., 0., 0., 0., 0., 0., 0.],
        [0., 0., 0., 0., 0., 0., 0., 0., 0., 0., 0., 0., 0., 0., 0., 0., 0., 0., 0., 0., 0.],
        [0., 0., 0., 0., 0., 0., 0., 0., 0., 0., 0., 0., 0., 0., 0., 0., 0., 0., 0., 0., 0.],
        [0., 0., 0., 0., 0., 0., 0., 0., 0., 0., 0., 0., 0., 0., 0., 0., 0., 0., 0., 0., 0.],
        [0., 0., 0., 0., 0., 0., 0., 0., 0., 0., 0., 0., 0., 0., 0., 0., 0., 0., 0., 0., 0.],
        [0., 0., 0., 0., 0., 0., 0., 0., 0., 0., 0., 0., 0., 0., 0., 0., 0., 0., 0., 0., 0.],
        [0., 0., 0., 0., 0., 0., 0., 0., 0., 0., 0., 0., 0., 0., 0., 0., 0., 0., 0., 0., 0.],
        [0., 0., 0., 0., 0., 0., 0., 0., 0., 0., 0., 0., 0., 0., 0., 0., 0., 0., 0., 0., 0.],
        [0., 0., 0., 0., 0., 0., 0., 0., 0., 0., 0., 0., 0., 0., 0., 0., 0., 0., 0., 0., 0.],
        [0., 0., 0., 0., 0., 0., 0., 0., 0., 0., 0., 0., 0., 0., 0., 0., 0., 0., 0., 0., 0.],
        [0., 0., 0., 0., 0., 0., 0., 0., 0., 0., 0., 0., 0., 0., 0., 0., 0., 0., 0., 0., 0.],
        [0., 0., 0., 0., 0., 0., 0., 0., 0., 0., 0., 0., 0., 0., 0., 0., 0., 0., 0., 0., 0.],
        [0., 0., 0., 0., 0., 0., 0., 0., 0., 0., 0., 0., 0., 0., 0., 0., 0., 0., 0., 0., 0.],
        [0., 0., 0., 0., 0., 0., 0., 0., 0., 0., 0., 0., 0., 0., 0., 0., 0., 0., 0., 0., 0.]])
tensor([0., 0., 0., 0., 0., 0., 0., 0., 0., 0., 0., 0., 0., 0., 0., 0., 0., 0., 0., 0., 0.])
[Layer 3]
tensor([[0., 0., 0., 0., 0., 0., 0., 0., 0., 0., 0., 0., 0., 0., 0., 0., 0., 0., 0., 0., 0.],
        [0., 0., 0., 0., 0., 0., 0., 0., 0., 0., 0., 0., 0., 0., 0., 0., 0., 0., 0., 0., 0.],
        [0., 0., 0., 0., 0., 0., 0., 0., 0., 0., 0., 0., 0., 0., 0., 0., 0., 0., 0., 0., 0.],
        [0., 0., 0., 0., 0., 0., 0., 0., 0., 0., 0., 0., 0., 0., 0., 0., 0., 0., 0., 0., 0.],
        [0., 0., 0., 0., 0., 0., 0., 0., 0., 0., 0., 0., 0., 0., 0., 0., 0., 0., 0., 0., 0.],
        [0., 0., 0., 0., 0., 0., 0., 0., 0., 0., 0., 0., 0., 0., 0., 0., 0., 0., 0., 0., 0.],
        [0., 0., 0., 0., 0., 0., 0., 0., 0., 0., 0., 0., 0., 0., 0., 0., 0., 0., 0., 0., 0.],
        [0., 0., 0., 0., 0., 0., 0., 0., 0., 0., 0., 0., 0., 0., 0., 0., 0., 0., 0., 0., 0.],
        [0., 0., 0., 0., 0., 0., 0., 0., 0., 0., 0., 0., 0., 0., 0., 0., 0., 0., 0., 0., 0.],
        [0., 0., 0., 0., 0., 0., 0., 0., 0., 0., 0., 0., 0., 0., 0., 0., 0., 0., 0., 0., 0.],
        [0., 0., 0., 0., 0., 0., 0., 0., 0., 0., 0., 0., 0., 0., 0., 0., 0., 0., 0., 0., 0.],
        [0., 0., 0., 0., 0., 0., 0., 0., 0., 0., 0., 0., 0., 0., 0., 0., 0., 0., 0., 0., 0.],
        [0., 0., 0., 0., 0., 0., 0., 0., 0., 0., 0., 0., 0., 0., 0., 0., 0., 0., 0., 0., 0.],
        [0., 0., 0., 0., 0., 0., 0., 0., 0., 0., 0., 0., 0., 0., 0., 0., 0., 0., 0., 0., 0.],
        [0., 0., 0., 0., 0., 0., 0., 0., 0., 0., 0., 0., 0., 0., 0., 0., 0., 0., 0., 0., 0.],
        [0., 0., 0., 0., 0., 0., 0., 0., 0., 0., 0., 0., 0., 0., 0., 0., 0., 0., 0., 0., 0.],
        [0., 0., 0., 0., 0., 0., 0., 0., 0., 0., 0., 0., 0., 0., 0., 0., 0., 0., 0., 0., 0.],
        [0., 0., 0., 0., 0., 0., 0., 0., 0., 0., 0., 0., 0., 0., 0., 0., 0., 0., 0., 0., 0.],
        [0., 0., 0., 0., 0., 0., 0., 0., 0., 0., 0., 0., 0., 0., 0., 0., 0., 0., 0., 0., 0.],
        [0., 0., 0., 0., 0., 0., 0., 0., 0., 0., 0., 0., 0., 0., 0., 0., 0., 0., 0., 0., 0.],
        [0., 0., 0., 0., 0., 0., 0., 0., 0., 0., 0., 0., 0., 0., 0., 0., 0., 0., 0., 0., 0.]])
tensor([0., 0., 0., 0., 0., 0., 0., 0., 0., 0., 0., 0., 0., 0., 0., 0., 0., 0., 0., 0., 0.])
[Layer 4]
tensor([[0., 0., 0., 0., 0., 0., 0., 0., 0., 0., 0., 0., 0., 0., 0., 0., 0., 0., 0., 0., 0.],
        [0., 0., 0., 0., 0., 0., 0., 0., 0., 0., 0., 0., 0., 0., 0., 0., 0., 0., 0., 0., 0.],
        [0., 0., 0., 0., 0., 0., 0., 0., 0., 0., 0., 0., 0., 0., 0., 0., 0., 0., 0., 0., 0.],
        [0., 0., 0., 0., 0., 0., 0., 0., 0., 0., 0., 0., 0., 0., 0., 0., 0., 0., 0., 0., 0.],
        [0., 0., 0., 0., 0., 0., 0., 0., 0., 0., 0., 0., 0., 0., 0., 0., 0., 0., 0., 0., 0.],
        [0., 0., 0., 0., 0., 0., 0., 0., 0., 0., 0., 0., 0., 0., 0., 0., 0., 0., 0., 0., 0.],
        [0., 0., 0., 0., 0., 0., 0., 0., 0., 0., 0., 0., 0., 0., 0., 0., 0., 0., 0., 0., 0.],
        [0., 0., 0., 0., 0., 0., 0., 0., 0., 0., 0., 0., 0., 0., 0., 0., 0., 0., 0., 0., 0.],
        [0., 0., 0., 0., 0., 0., 0., 0., 0., 0., 0., 0., 0., 0., 0., 0., 0., 0., 0., 0., 0.],
        [0., 0., 0., 0., 0., 0., 0., 0., 0., 0., 0., 0., 0., 0., 0., 0., 0., 0., 0., 0., 0.],
        [0., 0., 0., 0., 0., 0., 0., 0., 0., 0., 0., 0., 0., 0., 0., 0., 0., 0., 0., 0., 0.],
        [0., 0., 0., 0., 0., 0., 0., 0., 0., 0., 0., 0., 0., 0., 0., 0., 0., 0., 0., 0., 0.],
        [0., 0., 0., 0., 0., 0., 0., 0., 0., 0., 0., 0., 0., 0., 0., 0., 0., 0., 0., 0., 0.],
        [0., 0., 0., 0., 0., 0., 0., 0., 0., 0., 0., 0., 0., 0., 0., 0., 0., 0., 0., 0., 0.],
        [0., 0., 0., 0., 0., 0., 0., 0., 0., 0., 0., 0., 0., 0., 0., 0., 0., 0., 0., 0., 0.],
        [0., 0., 0., 0., 0., 0., 0., 0., 0., 0., 0., 0., 0., 0., 0., 0., 0., 0., 0., 0., 0.],
        [0., 0., 0., 0., 0., 0., 0., 0., 0., 0., 0., 0., 0., 0., 0., 0., 0., 0., 0., 0., 0.],
        [0., 0., 0., 0., 0., 0., 0., 0., 0., 0., 0., 0., 0., 0., 0., 0., 0., 0., 0., 0., 0.],
        [0., 0., 0., 0., 0., 0., 0., 0., 0., 0., 0., 0., 0., 0., 0., 0., 0., 0., 0., 0., 0.],
        [0., 0., 0., 0., 0., 0., 0., 0., 0., 0., 0., 0., 0., 0., 0., 0., 0., 0., 0., 0., 0.],
        [0., 0., 0., 0., 0., 0., 0., 0., 0., 0., 0., 0., 0., 0., 0., 0., 0., 0., 0., 0., 0.]])
tensor([0., 0., 0., 0., 0., 0., 0., 0., 0., 0., 0., 0., 0., 0., 0., 0., 0., 0., 0., 0., 0.])
[Layer 5]
tensor([[-2.9386e-40, -2.9386e-40, -2.9386e-40, -2.9386e-40, -2.9386e-40,
         -2.9386e-40, -2.9386e-40, -2.9386e-40, -2.9386e-40, -2.9386e-40,
         -2.9386e-40, -2.9386e-40, -2.9386e-40, -2.9386e-40, -2.9386e-40,
         -2.9386e-40, -2.9386e-40, -2.9386e-40, -2.9386e-40, -2.9386e-40,
         -2.9386e-40],
        [-2.9386e-40, -2.9386e-40, -2.9386e-40, -2.9386e-40, -2.9386e-40,
         -2.9386e-40, -2.9386e-40, -2.9386e-40, -2.9386e-40, -2.9386e-40,
         -2.9386e-40, -2.9386e-40, -2.9386e-40, -2.9386e-40, -2.9386e-40,
         -2.9386e-40, -2.9386e-40, -2.9386e-40, -2.9386e-40, -2.9386e-40,
         -2.9386e-40],
        [-2.9386e-40, -2.9386e-40, -2.9386e-40, -2.9386e-40, -2.9386e-40,
         -2.9386e-40, -2.9386e-40, -2.9386e-40, -2.9386e-40, -2.9386e-40,
         -2.9386e-40, -2.9386e-40, -2.9386e-40, -2.9386e-40, -2.9386e-40,
         -2.9386e-40, -2.9386e-40, -2.9386e-40, -2.9386e-40, -2.9386e-40,
         -2.9386e-40],
        [-2.9386e-40, -2.9386e-40, -2.9386e-40, -2.9386e-40, -2.9386e-40,
         -2.9386e-40, -2.9386e-40, -2.9386e-40, -2.9386e-40, -2.9386e-40,
         -2.9386e-40, -2.9386e-40, -2.9386e-40, -2.9386e-40, -2.9386e-40,
         -2.9386e-40, -2.9386e-40, -2.9386e-40, -2.9386e-40, -2.9386e-40,
         -2.9386e-40],
        [-2.9386e-40, -2.9386e-40, -2.9386e-40, -2.9386e-40, -2.9386e-40,
         -2.9386e-40, -2.9386e-40, -2.9386e-40, -2.9386e-40, -2.9386e-40,
         -2.9386e-40, -2.9386e-40, -2.9386e-40, -2.9386e-40, -2.9386e-40,
         -2.9386e-40, -2.9386e-40, -2.9386e-40, -2.9386e-40, -2.9386e-40,
         -2.9386e-40],
        [-2.9386e-40, -2.9386e-40, -2.9386e-40, -2.9386e-40, -2.9386e-40,
         -2.9386e-40, -2.9386e-40, -2.9386e-40, -2.9386e-40, -2.9386e-40,
         -2.9386e-40, -2.9386e-40, -2.9386e-40, -2.9386e-40, -2.9386e-40,
         -2.9386e-40, -2.9386e-40, -2.9386e-40, -2.9386e-40, -2.9386e-40,
         -2.9386e-40],
        [-2.9386e-40, -2.9386e-40, -2.9386e-40, -2.9386e-40, -2.9386e-40,
         -2.9386e-40, -2.9386e-40, -2.9386e-40, -2.9386e-40, -2.9386e-40,
         -2.9386e-40, -2.9386e-40, -2.9386e-40, -2.9386e-40, -2.9386e-40,
         -2.9386e-40, -2.9386e-40, -2.9386e-40, -2.9386e-40, -2.9386e-40,
         -2.9386e-40],
        [-2.9386e-40, -2.9386e-40, -2.9386e-40, -2.9386e-40, -2.9386e-40,
         -2.9386e-40, -2.9386e-40, -2.9386e-40, -2.9386e-40, -2.9386e-40,
         -2.9386e-40, -2.9386e-40, -2.9386e-40, -2.9386e-40, -2.9386e-40,
         -2.9386e-40, -2.9386e-40, -2.9386e-40, -2.9386e-40, -2.9386e-40,
         -2.9386e-40],
        [-2.9386e-40, -2.9386e-40, -2.9386e-40, -2.9386e-40, -2.9386e-40,
         -2.9386e-40, -2.9386e-40, -2.9386e-40, -2.9386e-40, -2.9386e-40,
         -2.9386e-40, -2.9386e-40, -2.9386e-40, -2.9386e-40, -2.9386e-40,
         -2.9386e-40, -2.9386e-40, -2.9386e-40, -2.9386e-40, -2.9386e-40,
         -2.9386e-40],
        [-2.9386e-40, -2.9386e-40, -2.9386e-40, -2.9386e-40, -2.9386e-40,
         -2.9386e-40, -2.9386e-40, -2.9386e-40, -2.9386e-40, -2.9386e-40,
         -2.9386e-40, -2.9386e-40, -2.9386e-40, -2.9386e-40, -2.9386e-40,
         -2.9386e-40, -2.9386e-40, -2.9386e-40, -2.9386e-40, -2.9386e-40,
         -2.9386e-40],
        [-2.9386e-40, -2.9386e-40, -2.9386e-40, -2.9386e-40, -2.9386e-40,
         -2.9386e-40, -2.9386e-40, -2.9386e-40, -2.9386e-40, -2.9386e-40,
         -2.9386e-40, -2.9386e-40, -2.9386e-40, -2.9386e-40, -2.9386e-40,
         -2.9386e-40, -2.9386e-40, -2.9386e-40, -2.9386e-40, -2.9386e-40,
         -2.9386e-40],
        [-2.9386e-40, -2.9386e-40, -2.9386e-40, -2.9386e-40, -2.9386e-40,
         -2.9386e-40, -2.9386e-40, -2.9386e-40, -2.9386e-40, -2.9386e-40,
         -2.9386e-40, -2.9386e-40, -2.9386e-40, -2.9386e-40, -2.9386e-40,
         -2.9386e-40, -2.9386e-40, -2.9386e-40, -2.9386e-40, -2.9386e-40,
         -2.9386e-40],
        [-2.9386e-40, -2.9386e-40, -2.9386e-40, -2.9386e-40, -2.9386e-40,
         -2.9386e-40, -2.9386e-40, -2.9386e-40, -2.9386e-40, -2.9386e-40,
         -2.9386e-40, -2.9386e-40, -2.9386e-40, -2.9386e-40, -2.9386e-40,
         -2.9386e-40, -2.9386e-40, -2.9386e-40, -2.9386e-40, -2.9386e-40,
         -2.9386e-40],
        [-2.9386e-40, -2.9386e-40, -2.9386e-40, -2.9386e-40, -2.9386e-40,
         -2.9386e-40, -2.9386e-40, -2.9386e-40, -2.9386e-40, -2.9386e-40,
         -2.9386e-40, -2.9386e-40, -2.9386e-40, -2.9386e-40, -2.9386e-40,
         -2.9386e-40, -2.9386e-40, -2.9386e-40, -2.9386e-40, -2.9386e-40,
         -2.9386e-40],
        [-2.9386e-40, -2.9386e-40, -2.9386e-40, -2.9386e-40, -2.9386e-40,
         -2.9386e-40, -2.9386e-40, -2.9386e-40, -2.9386e-40, -2.9386e-40,
         -2.9386e-40, -2.9386e-40, -2.9386e-40, -2.9386e-40, -2.9386e-40,
         -2.9386e-40, -2.9386e-40, -2.9386e-40, -2.9386e-40, -2.9386e-40,
         -2.9386e-40],
        [-2.9386e-40, -2.9386e-40, -2.9386e-40, -2.9386e-40, -2.9386e-40,
         -2.9386e-40, -2.9386e-40, -2.9386e-40, -2.9386e-40, -2.9386e-40,
         -2.9386e-40, -2.9386e-40, -2.9386e-40, -2.9386e-40, -2.9386e-40,
         -2.9386e-40, -2.9386e-40, -2.9386e-40, -2.9386e-40, -2.9386e-40,
         -2.9386e-40],
        [-2.9386e-40, -2.9386e-40, -2.9386e-40, -2.9386e-40, -2.9386e-40,
         -2.9386e-40, -2.9386e-40, -2.9386e-40, -2.9386e-40, -2.9386e-40,
         -2.9386e-40, -2.9386e-40, -2.9386e-40, -2.9386e-40, -2.9386e-40,
         -2.9386e-40, -2.9386e-40, -2.9386e-40, -2.9386e-40, -2.9386e-40,
         -2.9386e-40],
        [-2.9386e-40, -2.9386e-40, -2.9386e-40, -2.9386e-40, -2.9386e-40,
         -2.9386e-40, -2.9386e-40, -2.9386e-40, -2.9386e-40, -2.9386e-40,
         -2.9386e-40, -2.9386e-40, -2.9386e-40, -2.9386e-40, -2.9386e-40,
         -2.9386e-40, -2.9386e-40, -2.9386e-40, -2.9386e-40, -2.9386e-40,
         -2.9386e-40],
        [-2.9386e-40, -2.9386e-40, -2.9386e-40, -2.9386e-40, -2.9386e-40,
         -2.9386e-40, -2.9386e-40, -2.9386e-40, -2.9386e-40, -2.9386e-40,
         -2.9386e-40, -2.9386e-40, -2.9386e-40, -2.9386e-40, -2.9386e-40,
         -2.9386e-40, -2.9386e-40, -2.9386e-40, -2.9386e-40, -2.9386e-40,
         -2.9386e-40],
        [-2.9386e-40, -2.9386e-40, -2.9386e-40, -2.9386e-40, -2.9386e-40,
         -2.9386e-40, -2.9386e-40, -2.9386e-40, -2.9386e-40, -2.9386e-40,
         -2.9386e-40, -2.9386e-40, -2.9386e-40, -2.9386e-40, -2.9386e-40,
         -2.9386e-40, -2.9386e-40, -2.9386e-40, -2.9386e-40, -2.9386e-40,
         -2.9386e-40],
        [-2.9386e-40, -2.9386e-40, -2.9386e-40, -2.9386e-40, -2.9386e-40,
         -2.9386e-40, -2.9386e-40, -2.9386e-40, -2.9386e-40, -2.9386e-40,
         -2.9386e-40, -2.9386e-40, -2.9386e-40, -2.9386e-40, -2.9386e-40,
         -2.9386e-40, -2.9386e-40, -2.9386e-40, -2.9386e-40, -2.9386e-40,
         -2.9386e-40]])
tensor([-2.9386e-40, -2.9386e-40, -2.9386e-40, -2.9386e-40, -2.9386e-40,
        -2.9386e-40, -2.9386e-40, -2.9386e-40, -2.9386e-40, -2.9386e-40,
        -2.9386e-40, -2.9386e-40, -2.9386e-40, -2.9386e-40, -2.9386e-40,
        -2.9386e-40, -2.9386e-40, -2.9386e-40, -2.9386e-40, -2.9386e-40,
        -2.9386e-40])
[Layer 6]
tensor([[-6.0228e-19, -6.0228e-19, -6.0228e-19, -6.0228e-19, -6.0228e-19,
         -6.0228e-19, -6.0228e-19, -6.0228e-19, -6.0228e-19, -6.0228e-19,
         -6.0228e-19, -6.0228e-19, -6.0228e-19, -6.0228e-19, -6.0228e-19,
         -6.0228e-19, -6.0228e-19, -6.0228e-19, -6.0228e-19, -6.0228e-19,
         -6.0228e-19],
        [-6.0228e-19, -6.0228e-19, -6.0228e-19, -6.0228e-19, -6.0228e-19,
         -6.0228e-19, -6.0228e-19, -6.0228e-19, -6.0228e-19, -6.0228e-19,
         -6.0228e-19, -6.0228e-19, -6.0228e-19, -6.0228e-19, -6.0228e-19,
         -6.0228e-19, -6.0228e-19, -6.0228e-19, -6.0228e-19, -6.0228e-19,
         -6.0228e-19],
        [-6.0228e-19, -6.0228e-19, -6.0228e-19, -6.0228e-19, -6.0228e-19,
         -6.0228e-19, -6.0228e-19, -6.0228e-19, -6.0228e-19, -6.0228e-19,
         -6.0228e-19, -6.0228e-19, -6.0228e-19, -6.0228e-19, -6.0228e-19,
         -6.0228e-19, -6.0228e-19, -6.0228e-19, -6.0228e-19, -6.0228e-19,
         -6.0228e-19],
        [-6.0228e-19, -6.0228e-19, -6.0228e-19, -6.0228e-19, -6.0228e-19,
         -6.0228e-19, -6.0228e-19, -6.0228e-19, -6.0228e-19, -6.0228e-19,
         -6.0228e-19, -6.0228e-19, -6.0228e-19, -6.0228e-19, -6.0228e-19,
         -6.0228e-19, -6.0228e-19, -6.0228e-19, -6.0228e-19, -6.0228e-19,
         -6.0228e-19],
        [-6.0228e-19, -6.0228e-19, -6.0228e-19, -6.0228e-19, -6.0228e-19,
         -6.0228e-19, -6.0228e-19, -6.0228e-19, -6.0228e-19, -6.0228e-19,
         -6.0228e-19, -6.0228e-19, -6.0228e-19, -6.0228e-19, -6.0228e-19,
         -6.0228e-19, -6.0228e-19, -6.0228e-19, -6.0228e-19, -6.0228e-19,
         -6.0228e-19],
        [-6.0228e-19, -6.0228e-19, -6.0228e-19, -6.0228e-19, -6.0228e-19,
         -6.0228e-19, -6.0228e-19, -6.0228e-19, -6.0228e-19, -6.0228e-19,
         -6.0228e-19, -6.0228e-19, -6.0228e-19, -6.0228e-19, -6.0228e-19,
         -6.0228e-19, -6.0228e-19, -6.0228e-19, -6.0228e-19, -6.0228e-19,
         -6.0228e-19],
        [-6.0228e-19, -6.0228e-19, -6.0228e-19, -6.0228e-19, -6.0228e-19,
         -6.0228e-19, -6.0228e-19, -6.0228e-19, -6.0228e-19, -6.0228e-19,
         -6.0228e-19, -6.0228e-19, -6.0228e-19, -6.0228e-19, -6.0228e-19,
         -6.0228e-19, -6.0228e-19, -6.0228e-19, -6.0228e-19, -6.0228e-19,
         -6.0228e-19],
        [-6.0228e-19, -6.0228e-19, -6.0228e-19, -6.0228e-19, -6.0228e-19,
         -6.0228e-19, -6.0228e-19, -6.0228e-19, -6.0228e-19, -6.0228e-19,
         -6.0228e-19, -6.0228e-19, -6.0228e-19, -6.0228e-19, -6.0228e-19,
         -6.0228e-19, -6.0228e-19, -6.0228e-19, -6.0228e-19, -6.0228e-19,
         -6.0228e-19],
        [-6.0228e-19, -6.0228e-19, -6.0228e-19, -6.0228e-19, -6.0228e-19,
         -6.0228e-19, -6.0228e-19, -6.0228e-19, -6.0228e-19, -6.0228e-19,
         -6.0228e-19, -6.0228e-19, -6.0228e-19, -6.0228e-19, -6.0228e-19,
         -6.0228e-19, -6.0228e-19, -6.0228e-19, -6.0228e-19, -6.0228e-19,
         -6.0228e-19],
        [-6.0228e-19, -6.0228e-19, -6.0228e-19, -6.0228e-19, -6.0228e-19,
         -6.0228e-19, -6.0228e-19, -6.0228e-19, -6.0228e-19, -6.0228e-19,
         -6.0228e-19, -6.0228e-19, -6.0228e-19, -6.0228e-19, -6.0228e-19,
         -6.0228e-19, -6.0228e-19, -6.0228e-19, -6.0228e-19, -6.0228e-19,
         -6.0228e-19],
        [-6.0228e-19, -6.0228e-19, -6.0228e-19, -6.0228e-19, -6.0228e-19,
         -6.0228e-19, -6.0228e-19, -6.0228e-19, -6.0228e-19, -6.0228e-19,
         -6.0228e-19, -6.0228e-19, -6.0228e-19, -6.0228e-19, -6.0228e-19,
         -6.0228e-19, -6.0228e-19, -6.0228e-19, -6.0228e-19, -6.0228e-19,
         -6.0228e-19],
        [-6.0228e-19, -6.0228e-19, -6.0228e-19, -6.0228e-19, -6.0228e-19,
         -6.0228e-19, -6.0228e-19, -6.0228e-19, -6.0228e-19, -6.0228e-19,
         -6.0228e-19, -6.0228e-19, -6.0228e-19, -6.0228e-19, -6.0228e-19,
         -6.0228e-19, -6.0228e-19, -6.0228e-19, -6.0228e-19, -6.0228e-19,
         -6.0228e-19],
        [-6.0228e-19, -6.0228e-19, -6.0228e-19, -6.0228e-19, -6.0228e-19,
         -6.0228e-19, -6.0228e-19, -6.0228e-19, -6.0228e-19, -6.0228e-19,
         -6.0228e-19, -6.0228e-19, -6.0228e-19, -6.0228e-19, -6.0228e-19,
         -6.0228e-19, -6.0228e-19, -6.0228e-19, -6.0228e-19, -6.0228e-19,
         -6.0228e-19],
        [-6.0228e-19, -6.0228e-19, -6.0228e-19, -6.0228e-19, -6.0228e-19,
         -6.0228e-19, -6.0228e-19, -6.0228e-19, -6.0228e-19, -6.0228e-19,
         -6.0228e-19, -6.0228e-19, -6.0228e-19, -6.0228e-19, -6.0228e-19,
         -6.0228e-19, -6.0228e-19, -6.0228e-19, -6.0228e-19, -6.0228e-19,
         -6.0228e-19],
        [-6.0228e-19, -6.0228e-19, -6.0228e-19, -6.0228e-19, -6.0228e-19,
         -6.0228e-19, -6.0228e-19, -6.0228e-19, -6.0228e-19, -6.0228e-19,
         -6.0228e-19, -6.0228e-19, -6.0228e-19, -6.0228e-19, -6.0228e-19,
         -6.0228e-19, -6.0228e-19, -6.0228e-19, -6.0228e-19, -6.0228e-19,
         -6.0228e-19],
        [-6.0228e-19, -6.0228e-19, -6.0228e-19, -6.0228e-19, -6.0228e-19,
         -6.0228e-19, -6.0228e-19, -6.0228e-19, -6.0228e-19, -6.0228e-19,
         -6.0228e-19, -6.0228e-19, -6.0228e-19, -6.0228e-19, -6.0228e-19,
         -6.0228e-19, -6.0228e-19, -6.0228e-19, -6.0228e-19, -6.0228e-19,
         -6.0228e-19],
        [-6.0228e-19, -6.0228e-19, -6.0228e-19, -6.0228e-19, -6.0228e-19,
         -6.0228e-19, -6.0228e-19, -6.0228e-19, -6.0228e-19, -6.0228e-19,
         -6.0228e-19, -6.0228e-19, -6.0228e-19, -6.0228e-19, -6.0228e-19,
         -6.0228e-19, -6.0228e-19, -6.0228e-19, -6.0228e-19, -6.0228e-19,
         -6.0228e-19],
        [-6.0228e-19, -6.0228e-19, -6.0228e-19, -6.0228e-19, -6.0228e-19,
         -6.0228e-19, -6.0228e-19, -6.0228e-19, -6.0228e-19, -6.0228e-19,
         -6.0228e-19, -6.0228e-19, -6.0228e-19, -6.0228e-19, -6.0228e-19,
         -6.0228e-19, -6.0228e-19, -6.0228e-19, -6.0228e-19, -6.0228e-19,
         -6.0228e-19],
        [-6.0228e-19, -6.0228e-19, -6.0228e-19, -6.0228e-19, -6.0228e-19,
         -6.0228e-19, -6.0228e-19, -6.0228e-19, -6.0228e-19, -6.0228e-19,
         -6.0228e-19, -6.0228e-19, -6.0228e-19, -6.0228e-19, -6.0228e-19,
         -6.0228e-19, -6.0228e-19, -6.0228e-19, -6.0228e-19, -6.0228e-19,
         -6.0228e-19],
        [-6.0228e-19, -6.0228e-19, -6.0228e-19, -6.0228e-19, -6.0228e-19,
         -6.0228e-19, -6.0228e-19, -6.0228e-19, -6.0228e-19, -6.0228e-19,
         -6.0228e-19, -6.0228e-19, -6.0228e-19, -6.0228e-19, -6.0228e-19,
         -6.0228e-19, -6.0228e-19, -6.0228e-19, -6.0228e-19, -6.0228e-19,
         -6.0228e-19],
        [-6.0228e-19, -6.0228e-19, -6.0228e-19, -6.0228e-19, -6.0228e-19,
         -6.0228e-19, -6.0228e-19, -6.0228e-19, -6.0228e-19, -6.0228e-19,
         -6.0228e-19, -6.0228e-19, -6.0228e-19, -6.0228e-19, -6.0228e-19,
         -6.0228e-19, -6.0228e-19, -6.0228e-19, -6.0228e-19, -6.0228e-19,
         -6.0228e-19]])
tensor([-6.0228e-19, -6.0228e-19, -6.0228e-19, -6.0228e-19, -6.0228e-19,
        -6.0228e-19, -6.0228e-19, -6.0228e-19, -6.0228e-19, -6.0228e-19,
        -6.0228e-19, -6.0228e-19, -6.0228e-19, -6.0228e-19, -6.0228e-19,
        -6.0228e-19, -6.0228e-19, -6.0228e-19, -6.0228e-19, -6.0228e-19,
        -6.0228e-19])
[Layer 7]
tensor([[-1.5371e-08, -1.5371e-08, -1.5371e-08, -1.5371e-08, -1.5371e-08,
         -1.5371e-08, -1.5371e-08, -1.5371e-08, -1.5371e-08, -1.5371e-08,
         -1.5371e-08, -1.5371e-08, -1.5371e-08, -1.5371e-08, -1.5371e-08,
         -1.5371e-08, -1.5371e-08, -1.5371e-08, -1.5371e-08, -1.5371e-08,
         -1.5371e-08],
        [-1.5371e-08, -1.5371e-08, -1.5371e-08, -1.5371e-08, -1.5371e-08,
         -1.5371e-08, -1.5371e-08, -1.5371e-08, -1.5371e-08, -1.5371e-08,
         -1.5371e-08, -1.5371e-08, -1.5371e-08, -1.5371e-08, -1.5371e-08,
         -1.5371e-08, -1.5371e-08, -1.5371e-08, -1.5371e-08, -1.5371e-08,
         -1.5371e-08],
        [-1.5371e-08, -1.5371e-08, -1.5371e-08, -1.5371e-08, -1.5371e-08,
         -1.5371e-08, -1.5371e-08, -1.5371e-08, -1.5371e-08, -1.5371e-08,
         -1.5371e-08, -1.5371e-08, -1.5371e-08, -1.5371e-08, -1.5371e-08,
         -1.5371e-08, -1.5371e-08, -1.5371e-08, -1.5371e-08, -1.5371e-08,
         -1.5371e-08],
        [-1.5371e-08, -1.5371e-08, -1.5371e-08, -1.5371e-08, -1.5371e-08,
         -1.5371e-08, -1.5371e-08, -1.5371e-08, -1.5371e-08, -1.5371e-08,
         -1.5371e-08, -1.5371e-08, -1.5371e-08, -1.5371e-08, -1.5371e-08,
         -1.5371e-08, -1.5371e-08, -1.5371e-08, -1.5371e-08, -1.5371e-08,
         -1.5371e-08],
        [-1.5371e-08, -1.5371e-08, -1.5371e-08, -1.5371e-08, -1.5371e-08,
         -1.5371e-08, -1.5371e-08, -1.5371e-08, -1.5371e-08, -1.5371e-08,
         -1.5371e-08, -1.5371e-08, -1.5371e-08, -1.5371e-08, -1.5371e-08,
         -1.5371e-08, -1.5371e-08, -1.5371e-08, -1.5371e-08, -1.5371e-08,
         -1.5371e-08],
        [-1.5371e-08, -1.5371e-08, -1.5371e-08, -1.5371e-08, -1.5371e-08,
         -1.5371e-08, -1.5371e-08, -1.5371e-08, -1.5371e-08, -1.5371e-08,
         -1.5371e-08, -1.5371e-08, -1.5371e-08, -1.5371e-08, -1.5371e-08,
         -1.5371e-08, -1.5371e-08, -1.5371e-08, -1.5371e-08, -1.5371e-08,
         -1.5371e-08],
        [-1.5371e-08, -1.5371e-08, -1.5371e-08, -1.5371e-08, -1.5371e-08,
         -1.5371e-08, -1.5371e-08, -1.5371e-08, -1.5371e-08, -1.5371e-08,
         -1.5371e-08, -1.5371e-08, -1.5371e-08, -1.5371e-08, -1.5371e-08,
         -1.5371e-08, -1.5371e-08, -1.5371e-08, -1.5371e-08, -1.5371e-08,
         -1.5371e-08],
        [-1.5371e-08, -1.5371e-08, -1.5371e-08, -1.5371e-08, -1.5371e-08,
         -1.5371e-08, -1.5371e-08, -1.5371e-08, -1.5371e-08, -1.5371e-08,
         -1.5371e-08, -1.5371e-08, -1.5371e-08, -1.5371e-08, -1.5371e-08,
         -1.5371e-08, -1.5371e-08, -1.5371e-08, -1.5371e-08, -1.5371e-08,
         -1.5371e-08],
        [-1.5371e-08, -1.5371e-08, -1.5371e-08, -1.5371e-08, -1.5371e-08,
         -1.5371e-08, -1.5371e-08, -1.5371e-08, -1.5371e-08, -1.5371e-08,
         -1.5371e-08, -1.5371e-08, -1.5371e-08, -1.5371e-08, -1.5371e-08,
         -1.5371e-08, -1.5371e-08, -1.5371e-08, -1.5371e-08, -1.5371e-08,
         -1.5371e-08],
        [-1.5371e-08, -1.5371e-08, -1.5371e-08, -1.5371e-08, -1.5371e-08,
         -1.5371e-08, -1.5371e-08, -1.5371e-08, -1.5371e-08, -1.5371e-08,
         -1.5371e-08, -1.5371e-08, -1.5371e-08, -1.5371e-08, -1.5371e-08,
         -1.5371e-08, -1.5371e-08, -1.5371e-08, -1.5371e-08, -1.5371e-08,
         -1.5371e-08],
        [-1.5371e-08, -1.5371e-08, -1.5371e-08, -1.5371e-08, -1.5371e-08,
         -1.5371e-08, -1.5371e-08, -1.5371e-08, -1.5371e-08, -1.5371e-08,
         -1.5371e-08, -1.5371e-08, -1.5371e-08, -1.5371e-08, -1.5371e-08,
         -1.5371e-08, -1.5371e-08, -1.5371e-08, -1.5371e-08, -1.5371e-08,
         -1.5371e-08],
        [-1.5371e-08, -1.5371e-08, -1.5371e-08, -1.5371e-08, -1.5371e-08,
         -1.5371e-08, -1.5371e-08, -1.5371e-08, -1.5371e-08, -1.5371e-08,
         -1.5371e-08, -1.5371e-08, -1.5371e-08, -1.5371e-08, -1.5371e-08,
         -1.5371e-08, -1.5371e-08, -1.5371e-08, -1.5371e-08, -1.5371e-08,
         -1.5371e-08],
        [-1.5371e-08, -1.5371e-08, -1.5371e-08, -1.5371e-08, -1.5371e-08,
         -1.5371e-08, -1.5371e-08, -1.5371e-08, -1.5371e-08, -1.5371e-08,
         -1.5371e-08, -1.5371e-08, -1.5371e-08, -1.5371e-08, -1.5371e-08,
         -1.5371e-08, -1.5371e-08, -1.5371e-08, -1.5371e-08, -1.5371e-08,
         -1.5371e-08],
        [-1.5371e-08, -1.5371e-08, -1.5371e-08, -1.5371e-08, -1.5371e-08,
         -1.5371e-08, -1.5371e-08, -1.5371e-08, -1.5371e-08, -1.5371e-08,
         -1.5371e-08, -1.5371e-08, -1.5371e-08, -1.5371e-08, -1.5371e-08,
         -1.5371e-08, -1.5371e-08, -1.5371e-08, -1.5371e-08, -1.5371e-08,
         -1.5371e-08],
        [-1.5371e-08, -1.5371e-08, -1.5371e-08, -1.5371e-08, -1.5371e-08,
         -1.5371e-08, -1.5371e-08, -1.5371e-08, -1.5371e-08, -1.5371e-08,
         -1.5371e-08, -1.5371e-08, -1.5371e-08, -1.5371e-08, -1.5371e-08,
         -1.5371e-08, -1.5371e-08, -1.5371e-08, -1.5371e-08, -1.5371e-08,
         -1.5371e-08],
        [-1.5371e-08, -1.5371e-08, -1.5371e-08, -1.5371e-08, -1.5371e-08,
         -1.5371e-08, -1.5371e-08, -1.5371e-08, -1.5371e-08, -1.5371e-08,
         -1.5371e-08, -1.5371e-08, -1.5371e-08, -1.5371e-08, -1.5371e-08,
         -1.5371e-08, -1.5371e-08, -1.5371e-08, -1.5371e-08, -1.5371e-08,
         -1.5371e-08],
        [-1.5371e-08, -1.5371e-08, -1.5371e-08, -1.5371e-08, -1.5371e-08,
         -1.5371e-08, -1.5371e-08, -1.5371e-08, -1.5371e-08, -1.5371e-08,
         -1.5371e-08, -1.5371e-08, -1.5371e-08, -1.5371e-08, -1.5371e-08,
         -1.5371e-08, -1.5371e-08, -1.5371e-08, -1.5371e-08, -1.5371e-08,
         -1.5371e-08],
        [-1.5371e-08, -1.5371e-08, -1.5371e-08, -1.5371e-08, -1.5371e-08,
         -1.5371e-08, -1.5371e-08, -1.5371e-08, -1.5371e-08, -1.5371e-08,
         -1.5371e-08, -1.5371e-08, -1.5371e-08, -1.5371e-08, -1.5371e-08,
         -1.5371e-08, -1.5371e-08, -1.5371e-08, -1.5371e-08, -1.5371e-08,
         -1.5371e-08],
        [-1.5371e-08, -1.5371e-08, -1.5371e-08, -1.5371e-08, -1.5371e-08,
         -1.5371e-08, -1.5371e-08, -1.5371e-08, -1.5371e-08, -1.5371e-08,
         -1.5371e-08, -1.5371e-08, -1.5371e-08, -1.5371e-08, -1.5371e-08,
         -1.5371e-08, -1.5371e-08, -1.5371e-08, -1.5371e-08, -1.5371e-08,
         -1.5371e-08],
        [-1.5371e-08, -1.5371e-08, -1.5371e-08, -1.5371e-08, -1.5371e-08,
         -1.5371e-08, -1.5371e-08, -1.5371e-08, -1.5371e-08, -1.5371e-08,
         -1.5371e-08, -1.5371e-08, -1.5371e-08, -1.5371e-08, -1.5371e-08,
         -1.5371e-08, -1.5371e-08, -1.5371e-08, -1.5371e-08, -1.5371e-08,
         -1.5371e-08],
        [-1.5371e-08, -1.5371e-08, -1.5371e-08, -1.5371e-08, -1.5371e-08,
         -1.5371e-08, -1.5371e-08, -1.5371e-08, -1.5371e-08, -1.5371e-08,
         -1.5371e-08, -1.5371e-08, -1.5371e-08, -1.5371e-08, -1.5371e-08,
         -1.5371e-08, -1.5371e-08, -1.5371e-08, -1.5371e-08, -1.5371e-08,
         -1.5371e-08]])
tensor([-1.5371e-08, -1.5371e-08, -1.5371e-08, -1.5371e-08, -1.5371e-08,
        -1.5371e-08, -1.5371e-08, -1.5371e-08, -1.5371e-08, -1.5371e-08,
        -1.5371e-08, -1.5371e-08, -1.5371e-08, -1.5371e-08, -1.5371e-08,
        -1.5371e-08, -1.5371e-08, -1.5371e-08, -1.5371e-08, -1.5371e-08,
        -1.5371e-08])
[Layer 8]
tensor([[-0.0015, -0.0015, -0.0015, -0.0015, -0.0015, -0.0015, -0.0015, -0.0015,
         -0.0015, -0.0015, -0.0015, -0.0015, -0.0015, -0.0015, -0.0015, -0.0015,
         -0.0015, -0.0015, -0.0015, -0.0015, -0.0015],
        [-0.0015, -0.0015, -0.0015, -0.0015, -0.0015, -0.0015, -0.0015, -0.0015,
         -0.0015, -0.0015, -0.0015, -0.0015, -0.0015, -0.0015, -0.0015, -0.0015,
         -0.0015, -0.0015, -0.0015, -0.0015, -0.0015],
        [-0.0015, -0.0015, -0.0015, -0.0015, -0.0015, -0.0015, -0.0015, -0.0015,
         -0.0015, -0.0015, -0.0015, -0.0015, -0.0015, -0.0015, -0.0015, -0.0015,
         -0.0015, -0.0015, -0.0015, -0.0015, -0.0015],
        [-0.0015, -0.0015, -0.0015, -0.0015, -0.0015, -0.0015, -0.0015, -0.0015,
         -0.0015, -0.0015, -0.0015, -0.0015, -0.0015, -0.0015, -0.0015, -0.0015,
         -0.0015, -0.0015, -0.0015, -0.0015, -0.0015],
        [-0.0015, -0.0015, -0.0015, -0.0015, -0.0015, -0.0015, -0.0015, -0.0015,
         -0.0015, -0.0015, -0.0015, -0.0015, -0.0015, -0.0015, -0.0015, -0.0015,
         -0.0015, -0.0015, -0.0015, -0.0015, -0.0015],
        [-0.0015, -0.0015, -0.0015, -0.0015, -0.0015, -0.0015, -0.0015, -0.0015,
         -0.0015, -0.0015, -0.0015, -0.0015, -0.0015, -0.0015, -0.0015, -0.0015,
         -0.0015, -0.0015, -0.0015, -0.0015, -0.0015],
        [-0.0015, -0.0015, -0.0015, -0.0015, -0.0015, -0.0015, -0.0015, -0.0015,
         -0.0015, -0.0015, -0.0015, -0.0015, -0.0015, -0.0015, -0.0015, -0.0015,
         -0.0015, -0.0015, -0.0015, -0.0015, -0.0015],
        [-0.0015, -0.0015, -0.0015, -0.0015, -0.0015, -0.0015, -0.0015, -0.0015,
         -0.0015, -0.0015, -0.0015, -0.0015, -0.0015, -0.0015, -0.0015, -0.0015,
         -0.0015, -0.0015, -0.0015, -0.0015, -0.0015],
        [-0.0015, -0.0015, -0.0015, -0.0015, -0.0015, -0.0015, -0.0015, -0.0015,
         -0.0015, -0.0015, -0.0015, -0.0015, -0.0015, -0.0015, -0.0015, -0.0015,
         -0.0015, -0.0015, -0.0015, -0.0015, -0.0015],
        [-0.0015, -0.0015, -0.0015, -0.0015, -0.0015, -0.0015, -0.0015, -0.0015,
         -0.0015, -0.0015, -0.0015, -0.0015, -0.0015, -0.0015, -0.0015, -0.0015,
         -0.0015, -0.0015, -0.0015, -0.0015, -0.0015],
        [-0.0015, -0.0015, -0.0015, -0.0015, -0.0015, -0.0015, -0.0015, -0.0015,
         -0.0015, -0.0015, -0.0015, -0.0015, -0.0015, -0.0015, -0.0015, -0.0015,
         -0.0015, -0.0015, -0.0015, -0.0015, -0.0015],
        [-0.0015, -0.0015, -0.0015, -0.0015, -0.0015, -0.0015, -0.0015, -0.0015,
         -0.0015, -0.0015, -0.0015, -0.0015, -0.0015, -0.0015, -0.0015, -0.0015,
         -0.0015, -0.0015, -0.0015, -0.0015, -0.0015],
        [-0.0015, -0.0015, -0.0015, -0.0015, -0.0015, -0.0015, -0.0015, -0.0015,
         -0.0015, -0.0015, -0.0015, -0.0015, -0.0015, -0.0015, -0.0015, -0.0015,
         -0.0015, -0.0015, -0.0015, -0.0015, -0.0015],
        [-0.0015, -0.0015, -0.0015, -0.0015, -0.0015, -0.0015, -0.0015, -0.0015,
         -0.0015, -0.0015, -0.0015, -0.0015, -0.0015, -0.0015, -0.0015, -0.0015,
         -0.0015, -0.0015, -0.0015, -0.0015, -0.0015],
        [-0.0015, -0.0015, -0.0015, -0.0015, -0.0015, -0.0015, -0.0015, -0.0015,
         -0.0015, -0.0015, -0.0015, -0.0015, -0.0015, -0.0015, -0.0015, -0.0015,
         -0.0015, -0.0015, -0.0015, -0.0015, -0.0015],
        [-0.0015, -0.0015, -0.0015, -0.0015, -0.0015, -0.0015, -0.0015, -0.0015,
         -0.0015, -0.0015, -0.0015, -0.0015, -0.0015, -0.0015, -0.0015, -0.0015,
         -0.0015, -0.0015, -0.0015, -0.0015, -0.0015],
        [-0.0015, -0.0015, -0.0015, -0.0015, -0.0015, -0.0015, -0.0015, -0.0015,
         -0.0015, -0.0015, -0.0015, -0.0015, -0.0015, -0.0015, -0.0015, -0.0015,
         -0.0015, -0.0015, -0.0015, -0.0015, -0.0015],
        [-0.0015, -0.0015, -0.0015, -0.0015, -0.0015, -0.0015, -0.0015, -0.0015,
         -0.0015, -0.0015, -0.0015, -0.0015, -0.0015, -0.0015, -0.0015, -0.0015,
         -0.0015, -0.0015, -0.0015, -0.0015, -0.0015],
        [-0.0015, -0.0015, -0.0015, -0.0015, -0.0015, -0.0015, -0.0015, -0.0015,
         -0.0015, -0.0015, -0.0015, -0.0015, -0.0015, -0.0015, -0.0015, -0.0015,
         -0.0015, -0.0015, -0.0015, -0.0015, -0.0015],
        [-0.0015, -0.0015, -0.0015, -0.0015, -0.0015, -0.0015, -0.0015, -0.0015,
         -0.0015, -0.0015, -0.0015, -0.0015, -0.0015, -0.0015, -0.0015, -0.0015,
         -0.0015, -0.0015, -0.0015, -0.0015, -0.0015],
        [-0.0015, -0.0015, -0.0015, -0.0015, -0.0015, -0.0015, -0.0015, -0.0015,
         -0.0015, -0.0015, -0.0015, -0.0015, -0.0015, -0.0015, -0.0015, -0.0015,
         -0.0015, -0.0015, -0.0015, -0.0015, -0.0015]])
tensor([-0.0015, -0.0015, -0.0015, -0.0015, -0.0015, -0.0015, -0.0015, -0.0015,
        -0.0015, -0.0015, -0.0015, -0.0015, -0.0015, -0.0015, -0.0015, -0.0015,
        -0.0015, -0.0015, -0.0015, -0.0015, -0.0015])
[Layer 9]
tensor([[1.4742],
        [1.4742],
        [1.4742],
        [1.4742],
        [1.4742],
        [1.4742],
        [1.4742],
        [1.4742],
        [1.4742],
        [1.4742],
        [1.4742],
        [1.4742],
        [1.4742],
        [1.4742],
        [1.4742],
        [1.4742],
        [1.4742],
        [1.4742],
        [1.4742],
        [1.4742],
        [1.4742]])
tensor(1.4741)
