[Layer 0]
tensor([[0., 0., 0., 0., 0., 0., 0., 0., 0., 0., 0., 0., 0., 0., 0., 0., 0., 0., 0., 0., 0.],
        [0., 0., 0., 0., 0., 0., 0., 0., 0., 0., 0., 0., 0., 0., 0., 0., 0., 0., 0., 0., 0.],
        [0., 0., 0., 0., 0., 0., 0., 0., 0., 0., 0., 0., 0., 0., 0., 0., 0., 0., 0., 0., 0.],
        [0., 0., 0., 0., 0., 0., 0., 0., 0., 0., 0., 0., 0., 0., 0., 0., 0., 0., 0., 0., 0.],
        [0., 0., 0., 0., 0., 0., 0., 0., 0., 0., 0., 0., 0., 0., 0., 0., 0., 0., 0., 0., 0.],
        [0., 0., 0., 0., 0., 0., 0., 0., 0., 0., 0., 0., 0., 0., 0., 0., 0., 0., 0., 0., 0.],
        [0., 0., 0., 0., 0., 0., 0., 0., 0., 0., 0., 0., 0., 0., 0., 0., 0., 0., 0., 0., 0.],
        [0., 0., 0., 0., 0., 0., 0., 0., 0., 0., 0., 0., 0., 0., 0., 0., 0., 0., 0., 0., 0.],
        [0., 0., 0., 0., 0., 0., 0., 0., 0., 0., 0., 0., 0., 0., 0., 0., 0., 0., 0., 0., 0.],
        [0., 0., 0., 0., 0., 0., 0., 0., 0., 0., 0., 0., 0., 0., 0., 0., 0., 0., 0., 0., 0.]])
tensor([0., 0., 0., 0., 0., 0., 0., 0., 0., 0., 0., 0., 0., 0., 0., 0., 0., 0., 0., 0., 0.])
[Layer 1]
tensor([[0., 0., 0., 0., 0., 0., 0., 0., 0., 0., 0., 0., 0., 0., 0., 0., 0., 0., 0., 0., 0.],
        [0., 0., 0., 0., 0., 0., 0., 0., 0., 0., 0., 0., 0., 0., 0., 0., 0., 0., 0., 0., 0.],
        [0., 0., 0., 0., 0., 0., 0., 0., 0., 0., 0., 0., 0., 0., 0., 0., 0., 0., 0., 0., 0.],
        [0., 0., 0., 0., 0., 0., 0., 0., 0., 0., 0., 0., 0., 0., 0., 0., 0., 0., 0., 0., 0.],
        [0., 0., 0., 0., 0., 0., 0., 0., 0., 0., 0., 0., 0., 0., 0., 0., 0., 0., 0., 0., 0.],
        [0., 0., 0., 0., 0., 0., 0., 0., 0., 0., 0., 0., 0., 0., 0., 0., 0., 0., 0., 0., 0.],
        [0., 0., 0., 0., 0., 0., 0., 0., 0., 0., 0., 0., 0., 0., 0., 0., 0., 0., 0., 0., 0.],
        [0., 0., 0., 0., 0., 0., 0., 0., 0., 0., 0., 0., 0., 0., 0., 0., 0., 0., 0., 0., 0.],
        [0., 0., 0., 0., 0., 0., 0., 0., 0., 0., 0., 0., 0., 0., 0., 0., 0., 0., 0., 0., 0.],
        [0., 0., 0., 0., 0., 0., 0., 0., 0., 0., 0., 0., 0., 0., 0., 0., 0., 0., 0., 0., 0.],
        [0., 0., 0., 0., 0., 0., 0., 0., 0., 0., 0., 0., 0., 0., 0., 0., 0., 0., 0., 0., 0.],
        [0., 0., 0., 0., 0., 0., 0., 0., 0., 0., 0., 0., 0., 0., 0., 0., 0., 0., 0., 0., 0.],
        [0., 0., 0., 0., 0., 0., 0., 0., 0., 0., 0., 0., 0., 0., 0., 0., 0., 0., 0., 0., 0.],
        [0., 0., 0., 0., 0., 0., 0., 0., 0., 0., 0., 0., 0., 0., 0., 0., 0., 0., 0., 0., 0.],
        [0., 0., 0., 0., 0., 0., 0., 0., 0., 0., 0., 0., 0., 0., 0., 0., 0., 0., 0., 0., 0.],
        [0., 0., 0., 0., 0., 0., 0., 0., 0., 0., 0., 0., 0., 0., 0., 0., 0., 0., 0., 0., 0.],
        [0., 0., 0., 0., 0., 0., 0., 0., 0., 0., 0., 0., 0., 0., 0., 0., 0., 0., 0., 0., 0.],
        [0., 0., 0., 0., 0., 0., 0., 0., 0., 0., 0., 0., 0., 0., 0., 0., 0., 0., 0., 0., 0.],
        [0., 0., 0., 0., 0., 0., 0., 0., 0., 0., 0., 0., 0., 0., 0., 0., 0., 0., 0., 0., 0.],
        [0., 0., 0., 0., 0., 0., 0., 0., 0., 0., 0., 0., 0., 0., 0., 0., 0., 0., 0., 0., 0.],
        [0., 0., 0., 0., 0., 0., 0., 0., 0., 0., 0., 0., 0., 0., 0., 0., 0., 0., 0., 0., 0.]])
tensor([0., 0., 0., 0., 0., 0., 0., 0., 0., 0., 0., 0., 0., 0., 0., 0., 0., 0., 0., 0., 0.])
[Layer 2]
tensor([[0., 0., 0., 0., 0., 0., 0., 0., 0., 0., 0., 0., 0., 0., 0., 0., 0., 0., 0., 0., 0.],
        [0., 0., 0., 0., 0., 0., 0., 0., 0., 0., 0., 0., 0., 0., 0., 0., 0., 0., 0., 0., 0.],
        [0., 0., 0., 0., 0., 0., 0., 0., 0., 0., 0., 0., 0., 0., 0., 0., 0., 0., 0., 0., 0.],
        [0., 0., 0., 0., 0., 0., 0., 0., 0., 0., 0., 0., 0., 0., 0., 0., 0., 0., 0., 0., 0.],
        [0., 0., 0., 0., 0., 0., 0., 0., 0., 0., 0., 0., 0., 0., 0., 0., 0., 0., 0., 0., 0.],
        [0., 0., 0., 0., 0., 0., 0., 0., 0., 0., 0., 0., 0., 0., 0., 0., 0., 0., 0., 0., 0.],
        [0., 0., 0., 0., 0., 0., 0., 0., 0., 0., 0., 0., 0., 0., 0., 0., 0., 0., 0., 0., 0.],
        [0., 0., 0., 0., 0., 0., 0., 0., 0., 0., 0., 0., 0., 0., 0., 0., 0., 0., 0., 0., 0.],
        [0., 0., 0., 0., 0., 0., 0., 0., 0., 0., 0., 0., 0., 0., 0., 0., 0., 0., 0., 0., 0.],
        [0., 0., 0., 0., 0., 0., 0., 0., 0., 0., 0., 0., 0., 0., 0., 0., 0., 0., 0., 0., 0.],
        [0., 0., 0., 0., 0., 0., 0., 0., 0., 0., 0., 0., 0., 0., 0., 0., 0., 0., 0., 0., 0.],
        [0., 0., 0., 0., 0., 0., 0., 0., 0., 0., 0., 0., 0., 0., 0., 0., 0., 0., 0., 0., 0.],
        [0., 0., 0., 0., 0., 0., 0., 0., 0., 0., 0., 0., 0., 0., 0., 0., 0., 0., 0., 0., 0.],
        [0., 0., 0., 0., 0., 0., 0., 0., 0., 0., 0., 0., 0., 0., 0., 0., 0., 0., 0., 0., 0.],
        [0., 0., 0., 0., 0., 0., 0., 0., 0., 0., 0., 0., 0., 0., 0., 0., 0., 0., 0., 0., 0.],
        [0., 0., 0., 0., 0., 0., 0., 0., 0., 0., 0., 0., 0., 0., 0., 0., 0., 0., 0., 0., 0.],
        [0., 0., 0., 0., 0., 0., 0., 0., 0., 0., 0., 0., 0., 0., 0., 0., 0., 0., 0., 0., 0.],
        [0., 0., 0., 0., 0., 0., 0., 0., 0., 0., 0., 0., 0., 0., 0., 0., 0., 0., 0., 0., 0.],
        [0., 0., 0., 0., 0., 0., 0., 0., 0., 0., 0., 0., 0., 0., 0., 0., 0., 0., 0., 0., 0.],
        [0., 0., 0., 0., 0., 0., 0., 0., 0., 0., 0., 0., 0., 0., 0., 0., 0., 0., 0., 0., 0.],
        [0., 0., 0., 0., 0., 0., 0., 0., 0., 0., 0., 0., 0., 0., 0., 0., 0., 0., 0., 0., 0.]])
tensor([0., 0., 0., 0., 0., 0., 0., 0., 0., 0., 0., 0., 0., 0., 0., 0., 0., 0., 0., 0., 0.])
[Layer 3]
tensor([[0., 0., 0., 0., 0., 0., 0., 0., 0., 0., 0., 0., 0., 0., 0., 0., 0., 0., 0., 0., 0.],
        [0., 0., 0., 0., 0., 0., 0., 0., 0., 0., 0., 0., 0., 0., 0., 0., 0., 0., 0., 0., 0.],
        [0., 0., 0., 0., 0., 0., 0., 0., 0., 0., 0., 0., 0., 0., 0., 0., 0., 0., 0., 0., 0.],
        [0., 0., 0., 0., 0., 0., 0., 0., 0., 0., 0., 0., 0., 0., 0., 0., 0., 0., 0., 0., 0.],
        [0., 0., 0., 0., 0., 0., 0., 0., 0., 0., 0., 0., 0., 0., 0., 0., 0., 0., 0., 0., 0.],
        [0., 0., 0., 0., 0., 0., 0., 0., 0., 0., 0., 0., 0., 0., 0., 0., 0., 0., 0., 0., 0.],
        [0., 0., 0., 0., 0., 0., 0., 0., 0., 0., 0., 0., 0., 0., 0., 0., 0., 0., 0., 0., 0.],
        [0., 0., 0., 0., 0., 0., 0., 0., 0., 0., 0., 0., 0., 0., 0., 0., 0., 0., 0., 0., 0.],
        [0., 0., 0., 0., 0., 0., 0., 0., 0., 0., 0., 0., 0., 0., 0., 0., 0., 0., 0., 0., 0.],
        [0., 0., 0., 0., 0., 0., 0., 0., 0., 0., 0., 0., 0., 0., 0., 0., 0., 0., 0., 0., 0.],
        [0., 0., 0., 0., 0., 0., 0., 0., 0., 0., 0., 0., 0., 0., 0., 0., 0., 0., 0., 0., 0.],
        [0., 0., 0., 0., 0., 0., 0., 0., 0., 0., 0., 0., 0., 0., 0., 0., 0., 0., 0., 0., 0.],
        [0., 0., 0., 0., 0., 0., 0., 0., 0., 0., 0., 0., 0., 0., 0., 0., 0., 0., 0., 0., 0.],
        [0., 0., 0., 0., 0., 0., 0., 0., 0., 0., 0., 0., 0., 0., 0., 0., 0., 0., 0., 0., 0.],
        [0., 0., 0., 0., 0., 0., 0., 0., 0., 0., 0., 0., 0., 0., 0., 0., 0., 0., 0., 0., 0.],
        [0., 0., 0., 0., 0., 0., 0., 0., 0., 0., 0., 0., 0., 0., 0., 0., 0., 0., 0., 0., 0.],
        [0., 0., 0., 0., 0., 0., 0., 0., 0., 0., 0., 0., 0., 0., 0., 0., 0., 0., 0., 0., 0.],
        [0., 0., 0., 0., 0., 0., 0., 0., 0., 0., 0., 0., 0., 0., 0., 0., 0., 0., 0., 0., 0.],
        [0., 0., 0., 0., 0., 0., 0., 0., 0., 0., 0., 0., 0., 0., 0., 0., 0., 0., 0., 0., 0.],
        [0., 0., 0., 0., 0., 0., 0., 0., 0., 0., 0., 0., 0., 0., 0., 0., 0., 0., 0., 0., 0.],
        [0., 0., 0., 0., 0., 0., 0., 0., 0., 0., 0., 0., 0., 0., 0., 0., 0., 0., 0., 0., 0.]])
tensor([0., 0., 0., 0., 0., 0., 0., 0., 0., 0., 0., 0., 0., 0., 0., 0., 0., 0., 0., 0., 0.])
[Layer 4]
tensor([[0., 0., 0., 0., 0., 0., 0., 0., 0., 0., 0., 0., 0., 0., 0., 0., 0., 0., 0., 0., 0.],
        [0., 0., 0., 0., 0., 0., 0., 0., 0., 0., 0., 0., 0., 0., 0., 0., 0., 0., 0., 0., 0.],
        [0., 0., 0., 0., 0., 0., 0., 0., 0., 0., 0., 0., 0., 0., 0., 0., 0., 0., 0., 0., 0.],
        [0., 0., 0., 0., 0., 0., 0., 0., 0., 0., 0., 0., 0., 0., 0., 0., 0., 0., 0., 0., 0.],
        [0., 0., 0., 0., 0., 0., 0., 0., 0., 0., 0., 0., 0., 0., 0., 0., 0., 0., 0., 0., 0.],
        [0., 0., 0., 0., 0., 0., 0., 0., 0., 0., 0., 0., 0., 0., 0., 0., 0., 0., 0., 0., 0.],
        [0., 0., 0., 0., 0., 0., 0., 0., 0., 0., 0., 0., 0., 0., 0., 0., 0., 0., 0., 0., 0.],
        [0., 0., 0., 0., 0., 0., 0., 0., 0., 0., 0., 0., 0., 0., 0., 0., 0., 0., 0., 0., 0.],
        [0., 0., 0., 0., 0., 0., 0., 0., 0., 0., 0., 0., 0., 0., 0., 0., 0., 0., 0., 0., 0.],
        [0., 0., 0., 0., 0., 0., 0., 0., 0., 0., 0., 0., 0., 0., 0., 0., 0., 0., 0., 0., 0.],
        [0., 0., 0., 0., 0., 0., 0., 0., 0., 0., 0., 0., 0., 0., 0., 0., 0., 0., 0., 0., 0.],
        [0., 0., 0., 0., 0., 0., 0., 0., 0., 0., 0., 0., 0., 0., 0., 0., 0., 0., 0., 0., 0.],
        [0., 0., 0., 0., 0., 0., 0., 0., 0., 0., 0., 0., 0., 0., 0., 0., 0., 0., 0., 0., 0.],
        [0., 0., 0., 0., 0., 0., 0., 0., 0., 0., 0., 0., 0., 0., 0., 0., 0., 0., 0., 0., 0.],
        [0., 0., 0., 0., 0., 0., 0., 0., 0., 0., 0., 0., 0., 0., 0., 0., 0., 0., 0., 0., 0.],
        [0., 0., 0., 0., 0., 0., 0., 0., 0., 0., 0., 0., 0., 0., 0., 0., 0., 0., 0., 0., 0.],
        [0., 0., 0., 0., 0., 0., 0., 0., 0., 0., 0., 0., 0., 0., 0., 0., 0., 0., 0., 0., 0.],
        [0., 0., 0., 0., 0., 0., 0., 0., 0., 0., 0., 0., 0., 0., 0., 0., 0., 0., 0., 0., 0.],
        [0., 0., 0., 0., 0., 0., 0., 0., 0., 0., 0., 0., 0., 0., 0., 0., 0., 0., 0., 0., 0.],
        [0., 0., 0., 0., 0., 0., 0., 0., 0., 0., 0., 0., 0., 0., 0., 0., 0., 0., 0., 0., 0.],
        [0., 0., 0., 0., 0., 0., 0., 0., 0., 0., 0., 0., 0., 0., 0., 0., 0., 0., 0., 0., 0.]])
tensor([0., 0., 0., 0., 0., 0., 0., 0., 0., 0., 0., 0., 0., 0., 0., 0., 0., 0., 0., 0., 0.])
[Layer 5]
tensor([[-2.9017e-39, -2.9017e-39, -2.9017e-39, -2.9017e-39, -2.9017e-39,
         -2.9017e-39, -2.9017e-39, -2.9017e-39, -2.9017e-39, -2.9017e-39,
         -2.9017e-39, -2.9017e-39, -2.9017e-39, -2.9017e-39, -2.9017e-39,
         -2.9017e-39, -2.9017e-39, -2.9017e-39, -2.9017e-39, -2.9017e-39,
         -2.9017e-39],
        [-2.9017e-39, -2.9017e-39, -2.9017e-39, -2.9017e-39, -2.9017e-39,
         -2.9017e-39, -2.9017e-39, -2.9017e-39, -2.9017e-39, -2.9017e-39,
         -2.9017e-39, -2.9017e-39, -2.9017e-39, -2.9017e-39, -2.9017e-39,
         -2.9017e-39, -2.9017e-39, -2.9017e-39, -2.9017e-39, -2.9017e-39,
         -2.9017e-39],
        [-2.9017e-39, -2.9017e-39, -2.9017e-39, -2.9017e-39, -2.9017e-39,
         -2.9017e-39, -2.9017e-39, -2.9017e-39, -2.9017e-39, -2.9017e-39,
         -2.9017e-39, -2.9017e-39, -2.9017e-39, -2.9017e-39, -2.9017e-39,
         -2.9017e-39, -2.9017e-39, -2.9017e-39, -2.9017e-39, -2.9017e-39,
         -2.9017e-39],
        [-2.9017e-39, -2.9017e-39, -2.9017e-39, -2.9017e-39, -2.9017e-39,
         -2.9017e-39, -2.9017e-39, -2.9017e-39, -2.9017e-39, -2.9017e-39,
         -2.9017e-39, -2.9017e-39, -2.9017e-39, -2.9017e-39, -2.9017e-39,
         -2.9017e-39, -2.9017e-39, -2.9017e-39, -2.9017e-39, -2.9017e-39,
         -2.9017e-39],
        [-2.9017e-39, -2.9017e-39, -2.9017e-39, -2.9017e-39, -2.9017e-39,
         -2.9017e-39, -2.9017e-39, -2.9017e-39, -2.9017e-39, -2.9017e-39,
         -2.9017e-39, -2.9017e-39, -2.9017e-39, -2.9017e-39, -2.9017e-39,
         -2.9017e-39, -2.9017e-39, -2.9017e-39, -2.9017e-39, -2.9017e-39,
         -2.9017e-39],
        [-2.9017e-39, -2.9017e-39, -2.9017e-39, -2.9017e-39, -2.9017e-39,
         -2.9017e-39, -2.9017e-39, -2.9017e-39, -2.9017e-39, -2.9017e-39,
         -2.9017e-39, -2.9017e-39, -2.9017e-39, -2.9017e-39, -2.9017e-39,
         -2.9017e-39, -2.9017e-39, -2.9017e-39, -2.9017e-39, -2.9017e-39,
         -2.9017e-39],
        [-2.9017e-39, -2.9017e-39, -2.9017e-39, -2.9017e-39, -2.9017e-39,
         -2.9017e-39, -2.9017e-39, -2.9017e-39, -2.9017e-39, -2.9017e-39,
         -2.9017e-39, -2.9017e-39, -2.9017e-39, -2.9017e-39, -2.9017e-39,
         -2.9017e-39, -2.9017e-39, -2.9017e-39, -2.9017e-39, -2.9017e-39,
         -2.9017e-39],
        [-2.9017e-39, -2.9017e-39, -2.9017e-39, -2.9017e-39, -2.9017e-39,
         -2.9017e-39, -2.9017e-39, -2.9017e-39, -2.9017e-39, -2.9017e-39,
         -2.9017e-39, -2.9017e-39, -2.9017e-39, -2.9017e-39, -2.9017e-39,
         -2.9017e-39, -2.9017e-39, -2.9017e-39, -2.9017e-39, -2.9017e-39,
         -2.9017e-39],
        [-2.9017e-39, -2.9017e-39, -2.9017e-39, -2.9017e-39, -2.9017e-39,
         -2.9017e-39, -2.9017e-39, -2.9017e-39, -2.9017e-39, -2.9017e-39,
         -2.9017e-39, -2.9017e-39, -2.9017e-39, -2.9017e-39, -2.9017e-39,
         -2.9017e-39, -2.9017e-39, -2.9017e-39, -2.9017e-39, -2.9017e-39,
         -2.9017e-39],
        [-2.9017e-39, -2.9017e-39, -2.9017e-39, -2.9017e-39, -2.9017e-39,
         -2.9017e-39, -2.9017e-39, -2.9017e-39, -2.9017e-39, -2.9017e-39,
         -2.9017e-39, -2.9017e-39, -2.9017e-39, -2.9017e-39, -2.9017e-39,
         -2.9017e-39, -2.9017e-39, -2.9017e-39, -2.9017e-39, -2.9017e-39,
         -2.9017e-39],
        [-2.9017e-39, -2.9017e-39, -2.9017e-39, -2.9017e-39, -2.9017e-39,
         -2.9017e-39, -2.9017e-39, -2.9017e-39, -2.9017e-39, -2.9017e-39,
         -2.9017e-39, -2.9017e-39, -2.9017e-39, -2.9017e-39, -2.9017e-39,
         -2.9017e-39, -2.9017e-39, -2.9017e-39, -2.9017e-39, -2.9017e-39,
         -2.9017e-39],
        [-2.9017e-39, -2.9017e-39, -2.9017e-39, -2.9017e-39, -2.9017e-39,
         -2.9017e-39, -2.9017e-39, -2.9017e-39, -2.9017e-39, -2.9017e-39,
         -2.9017e-39, -2.9017e-39, -2.9017e-39, -2.9017e-39, -2.9017e-39,
         -2.9017e-39, -2.9017e-39, -2.9017e-39, -2.9017e-39, -2.9017e-39,
         -2.9017e-39],
        [-2.9017e-39, -2.9017e-39, -2.9017e-39, -2.9017e-39, -2.9017e-39,
         -2.9017e-39, -2.9017e-39, -2.9017e-39, -2.9017e-39, -2.9017e-39,
         -2.9017e-39, -2.9017e-39, -2.9017e-39, -2.9017e-39, -2.9017e-39,
         -2.9017e-39, -2.9017e-39, -2.9017e-39, -2.9017e-39, -2.9017e-39,
         -2.9017e-39],
        [-2.9017e-39, -2.9017e-39, -2.9017e-39, -2.9017e-39, -2.9017e-39,
         -2.9017e-39, -2.9017e-39, -2.9017e-39, -2.9017e-39, -2.9017e-39,
         -2.9017e-39, -2.9017e-39, -2.9017e-39, -2.9017e-39, -2.9017e-39,
         -2.9017e-39, -2.9017e-39, -2.9017e-39, -2.9017e-39, -2.9017e-39,
         -2.9017e-39],
        [-2.9017e-39, -2.9017e-39, -2.9017e-39, -2.9017e-39, -2.9017e-39,
         -2.9017e-39, -2.9017e-39, -2.9017e-39, -2.9017e-39, -2.9017e-39,
         -2.9017e-39, -2.9017e-39, -2.9017e-39, -2.9017e-39, -2.9017e-39,
         -2.9017e-39, -2.9017e-39, -2.9017e-39, -2.9017e-39, -2.9017e-39,
         -2.9017e-39],
        [-2.9017e-39, -2.9017e-39, -2.9017e-39, -2.9017e-39, -2.9017e-39,
         -2.9017e-39, -2.9017e-39, -2.9017e-39, -2.9017e-39, -2.9017e-39,
         -2.9017e-39, -2.9017e-39, -2.9017e-39, -2.9017e-39, -2.9017e-39,
         -2.9017e-39, -2.9017e-39, -2.9017e-39, -2.9017e-39, -2.9017e-39,
         -2.9017e-39],
        [-2.9017e-39, -2.9017e-39, -2.9017e-39, -2.9017e-39, -2.9017e-39,
         -2.9017e-39, -2.9017e-39, -2.9017e-39, -2.9017e-39, -2.9017e-39,
         -2.9017e-39, -2.9017e-39, -2.9017e-39, -2.9017e-39, -2.9017e-39,
         -2.9017e-39, -2.9017e-39, -2.9017e-39, -2.9017e-39, -2.9017e-39,
         -2.9017e-39],
        [-2.9017e-39, -2.9017e-39, -2.9017e-39, -2.9017e-39, -2.9017e-39,
         -2.9017e-39, -2.9017e-39, -2.9017e-39, -2.9017e-39, -2.9017e-39,
         -2.9017e-39, -2.9017e-39, -2.9017e-39, -2.9017e-39, -2.9017e-39,
         -2.9017e-39, -2.9017e-39, -2.9017e-39, -2.9017e-39, -2.9017e-39,
         -2.9017e-39],
        [-2.9017e-39, -2.9017e-39, -2.9017e-39, -2.9017e-39, -2.9017e-39,
         -2.9017e-39, -2.9017e-39, -2.9017e-39, -2.9017e-39, -2.9017e-39,
         -2.9017e-39, -2.9017e-39, -2.9017e-39, -2.9017e-39, -2.9017e-39,
         -2.9017e-39, -2.9017e-39, -2.9017e-39, -2.9017e-39, -2.9017e-39,
         -2.9017e-39],
        [-2.9017e-39, -2.9017e-39, -2.9017e-39, -2.9017e-39, -2.9017e-39,
         -2.9017e-39, -2.9017e-39, -2.9017e-39, -2.9017e-39, -2.9017e-39,
         -2.9017e-39, -2.9017e-39, -2.9017e-39, -2.9017e-39, -2.9017e-39,
         -2.9017e-39, -2.9017e-39, -2.9017e-39, -2.9017e-39, -2.9017e-39,
         -2.9017e-39],
        [-2.9017e-39, -2.9017e-39, -2.9017e-39, -2.9017e-39, -2.9017e-39,
         -2.9017e-39, -2.9017e-39, -2.9017e-39, -2.9017e-39, -2.9017e-39,
         -2.9017e-39, -2.9017e-39, -2.9017e-39, -2.9017e-39, -2.9017e-39,
         -2.9017e-39, -2.9017e-39, -2.9017e-39, -2.9017e-39, -2.9017e-39,
         -2.9017e-39]])
tensor([-2.9017e-39, -2.9017e-39, -2.9017e-39, -2.9017e-39, -2.9017e-39,
        -2.9017e-39, -2.9017e-39, -2.9017e-39, -2.9017e-39, -2.9017e-39,
        -2.9017e-39, -2.9017e-39, -2.9017e-39, -2.9017e-39, -2.9017e-39,
        -2.9017e-39, -2.9017e-39, -2.9017e-39, -2.9017e-39, -2.9017e-39,
        -2.9017e-39])
[Layer 6]
tensor([[-1.6556e-18, -1.6556e-18, -1.6556e-18, -1.6556e-18, -1.6556e-18,
         -1.6556e-18, -1.6556e-18, -1.6556e-18, -1.6556e-18, -1.6556e-18,
         -1.6556e-18, -1.6556e-18, -1.6556e-18, -1.6556e-18, -1.6556e-18,
         -1.6556e-18, -1.6556e-18, -1.6556e-18, -1.6556e-18, -1.6556e-18,
         -1.6556e-18],
        [-1.6556e-18, -1.6556e-18, -1.6556e-18, -1.6556e-18, -1.6556e-18,
         -1.6556e-18, -1.6556e-18, -1.6556e-18, -1.6556e-18, -1.6556e-18,
         -1.6556e-18, -1.6556e-18, -1.6556e-18, -1.6556e-18, -1.6556e-18,
         -1.6556e-18, -1.6556e-18, -1.6556e-18, -1.6556e-18, -1.6556e-18,
         -1.6556e-18],
        [-1.6556e-18, -1.6556e-18, -1.6556e-18, -1.6556e-18, -1.6556e-18,
         -1.6556e-18, -1.6556e-18, -1.6556e-18, -1.6556e-18, -1.6556e-18,
         -1.6556e-18, -1.6556e-18, -1.6556e-18, -1.6556e-18, -1.6556e-18,
         -1.6556e-18, -1.6556e-18, -1.6556e-18, -1.6556e-18, -1.6556e-18,
         -1.6556e-18],
        [-1.6556e-18, -1.6556e-18, -1.6556e-18, -1.6556e-18, -1.6556e-18,
         -1.6556e-18, -1.6556e-18, -1.6556e-18, -1.6556e-18, -1.6556e-18,
         -1.6556e-18, -1.6556e-18, -1.6556e-18, -1.6556e-18, -1.6556e-18,
         -1.6556e-18, -1.6556e-18, -1.6556e-18, -1.6556e-18, -1.6556e-18,
         -1.6556e-18],
        [-1.6556e-18, -1.6556e-18, -1.6556e-18, -1.6556e-18, -1.6556e-18,
         -1.6556e-18, -1.6556e-18, -1.6556e-18, -1.6556e-18, -1.6556e-18,
         -1.6556e-18, -1.6556e-18, -1.6556e-18, -1.6556e-18, -1.6556e-18,
         -1.6556e-18, -1.6556e-18, -1.6556e-18, -1.6556e-18, -1.6556e-18,
         -1.6556e-18],
        [-1.6556e-18, -1.6556e-18, -1.6556e-18, -1.6556e-18, -1.6556e-18,
         -1.6556e-18, -1.6556e-18, -1.6556e-18, -1.6556e-18, -1.6556e-18,
         -1.6556e-18, -1.6556e-18, -1.6556e-18, -1.6556e-18, -1.6556e-18,
         -1.6556e-18, -1.6556e-18, -1.6556e-18, -1.6556e-18, -1.6556e-18,
         -1.6556e-18],
        [-1.6556e-18, -1.6556e-18, -1.6556e-18, -1.6556e-18, -1.6556e-18,
         -1.6556e-18, -1.6556e-18, -1.6556e-18, -1.6556e-18, -1.6556e-18,
         -1.6556e-18, -1.6556e-18, -1.6556e-18, -1.6556e-18, -1.6556e-18,
         -1.6556e-18, -1.6556e-18, -1.6556e-18, -1.6556e-18, -1.6556e-18,
         -1.6556e-18],
        [-1.6556e-18, -1.6556e-18, -1.6556e-18, -1.6556e-18, -1.6556e-18,
         -1.6556e-18, -1.6556e-18, -1.6556e-18, -1.6556e-18, -1.6556e-18,
         -1.6556e-18, -1.6556e-18, -1.6556e-18, -1.6556e-18, -1.6556e-18,
         -1.6556e-18, -1.6556e-18, -1.6556e-18, -1.6556e-18, -1.6556e-18,
         -1.6556e-18],
        [-1.6556e-18, -1.6556e-18, -1.6556e-18, -1.6556e-18, -1.6556e-18,
         -1.6556e-18, -1.6556e-18, -1.6556e-18, -1.6556e-18, -1.6556e-18,
         -1.6556e-18, -1.6556e-18, -1.6556e-18, -1.6556e-18, -1.6556e-18,
         -1.6556e-18, -1.6556e-18, -1.6556e-18, -1.6556e-18, -1.6556e-18,
         -1.6556e-18],
        [-1.6556e-18, -1.6556e-18, -1.6556e-18, -1.6556e-18, -1.6556e-18,
         -1.6556e-18, -1.6556e-18, -1.6556e-18, -1.6556e-18, -1.6556e-18,
         -1.6556e-18, -1.6556e-18, -1.6556e-18, -1.6556e-18, -1.6556e-18,
         -1.6556e-18, -1.6556e-18, -1.6556e-18, -1.6556e-18, -1.6556e-18,
         -1.6556e-18],
        [-1.6556e-18, -1.6556e-18, -1.6556e-18, -1.6556e-18, -1.6556e-18,
         -1.6556e-18, -1.6556e-18, -1.6556e-18, -1.6556e-18, -1.6556e-18,
         -1.6556e-18, -1.6556e-18, -1.6556e-18, -1.6556e-18, -1.6556e-18,
         -1.6556e-18, -1.6556e-18, -1.6556e-18, -1.6556e-18, -1.6556e-18,
         -1.6556e-18],
        [-1.6556e-18, -1.6556e-18, -1.6556e-18, -1.6556e-18, -1.6556e-18,
         -1.6556e-18, -1.6556e-18, -1.6556e-18, -1.6556e-18, -1.6556e-18,
         -1.6556e-18, -1.6556e-18, -1.6556e-18, -1.6556e-18, -1.6556e-18,
         -1.6556e-18, -1.6556e-18, -1.6556e-18, -1.6556e-18, -1.6556e-18,
         -1.6556e-18],
        [-1.6556e-18, -1.6556e-18, -1.6556e-18, -1.6556e-18, -1.6556e-18,
         -1.6556e-18, -1.6556e-18, -1.6556e-18, -1.6556e-18, -1.6556e-18,
         -1.6556e-18, -1.6556e-18, -1.6556e-18, -1.6556e-18, -1.6556e-18,
         -1.6556e-18, -1.6556e-18, -1.6556e-18, -1.6556e-18, -1.6556e-18,
         -1.6556e-18],
        [-1.6556e-18, -1.6556e-18, -1.6556e-18, -1.6556e-18, -1.6556e-18,
         -1.6556e-18, -1.6556e-18, -1.6556e-18, -1.6556e-18, -1.6556e-18,
         -1.6556e-18, -1.6556e-18, -1.6556e-18, -1.6556e-18, -1.6556e-18,
         -1.6556e-18, -1.6556e-18, -1.6556e-18, -1.6556e-18, -1.6556e-18,
         -1.6556e-18],
        [-1.6556e-18, -1.6556e-18, -1.6556e-18, -1.6556e-18, -1.6556e-18,
         -1.6556e-18, -1.6556e-18, -1.6556e-18, -1.6556e-18, -1.6556e-18,
         -1.6556e-18, -1.6556e-18, -1.6556e-18, -1.6556e-18, -1.6556e-18,
         -1.6556e-18, -1.6556e-18, -1.6556e-18, -1.6556e-18, -1.6556e-18,
         -1.6556e-18],
        [-1.6556e-18, -1.6556e-18, -1.6556e-18, -1.6556e-18, -1.6556e-18,
         -1.6556e-18, -1.6556e-18, -1.6556e-18, -1.6556e-18, -1.6556e-18,
         -1.6556e-18, -1.6556e-18, -1.6556e-18, -1.6556e-18, -1.6556e-18,
         -1.6556e-18, -1.6556e-18, -1.6556e-18, -1.6556e-18, -1.6556e-18,
         -1.6556e-18],
        [-1.6556e-18, -1.6556e-18, -1.6556e-18, -1.6556e-18, -1.6556e-18,
         -1.6556e-18, -1.6556e-18, -1.6556e-18, -1.6556e-18, -1.6556e-18,
         -1.6556e-18, -1.6556e-18, -1.6556e-18, -1.6556e-18, -1.6556e-18,
         -1.6556e-18, -1.6556e-18, -1.6556e-18, -1.6556e-18, -1.6556e-18,
         -1.6556e-18],
        [-1.6556e-18, -1.6556e-18, -1.6556e-18, -1.6556e-18, -1.6556e-18,
         -1.6556e-18, -1.6556e-18, -1.6556e-18, -1.6556e-18, -1.6556e-18,
         -1.6556e-18, -1.6556e-18, -1.6556e-18, -1.6556e-18, -1.6556e-18,
         -1.6556e-18, -1.6556e-18, -1.6556e-18, -1.6556e-18, -1.6556e-18,
         -1.6556e-18],
        [-1.6556e-18, -1.6556e-18, -1.6556e-18, -1.6556e-18, -1.6556e-18,
         -1.6556e-18, -1.6556e-18, -1.6556e-18, -1.6556e-18, -1.6556e-18,
         -1.6556e-18, -1.6556e-18, -1.6556e-18, -1.6556e-18, -1.6556e-18,
         -1.6556e-18, -1.6556e-18, -1.6556e-18, -1.6556e-18, -1.6556e-18,
         -1.6556e-18],
        [-1.6556e-18, -1.6556e-18, -1.6556e-18, -1.6556e-18, -1.6556e-18,
         -1.6556e-18, -1.6556e-18, -1.6556e-18, -1.6556e-18, -1.6556e-18,
         -1.6556e-18, -1.6556e-18, -1.6556e-18, -1.6556e-18, -1.6556e-18,
         -1.6556e-18, -1.6556e-18, -1.6556e-18, -1.6556e-18, -1.6556e-18,
         -1.6556e-18],
        [-1.6556e-18, -1.6556e-18, -1.6556e-18, -1.6556e-18, -1.6556e-18,
         -1.6556e-18, -1.6556e-18, -1.6556e-18, -1.6556e-18, -1.6556e-18,
         -1.6556e-18, -1.6556e-18, -1.6556e-18, -1.6556e-18, -1.6556e-18,
         -1.6556e-18, -1.6556e-18, -1.6556e-18, -1.6556e-18, -1.6556e-18,
         -1.6556e-18]])
tensor([-1.6556e-18, -1.6556e-18, -1.6556e-18, -1.6556e-18, -1.6556e-18,
        -1.6556e-18, -1.6556e-18, -1.6556e-18, -1.6556e-18, -1.6556e-18,
        -1.6556e-18, -1.6556e-18, -1.6556e-18, -1.6556e-18, -1.6556e-18,
        -1.6556e-18, -1.6556e-18, -1.6556e-18, -1.6556e-18, -1.6556e-18,
        -1.6556e-18])
[Layer 7]
tensor([[-2.3167e-08, -2.3167e-08, -2.3167e-08, -2.3167e-08, -2.3167e-08,
         -2.3167e-08, -2.3167e-08, -2.3167e-08, -2.3167e-08, -2.3167e-08,
         -2.3167e-08, -2.3167e-08, -2.3167e-08, -2.3167e-08, -2.3167e-08,
         -2.3167e-08, -2.3167e-08, -2.3167e-08, -2.3167e-08, -2.3167e-08,
         -2.3167e-08],
        [-2.3167e-08, -2.3167e-08, -2.3167e-08, -2.3167e-08, -2.3167e-08,
         -2.3167e-08, -2.3167e-08, -2.3167e-08, -2.3167e-08, -2.3167e-08,
         -2.3167e-08, -2.3167e-08, -2.3167e-08, -2.3167e-08, -2.3167e-08,
         -2.3167e-08, -2.3167e-08, -2.3167e-08, -2.3167e-08, -2.3167e-08,
         -2.3167e-08],
        [-2.3167e-08, -2.3167e-08, -2.3167e-08, -2.3167e-08, -2.3167e-08,
         -2.3167e-08, -2.3167e-08, -2.3167e-08, -2.3167e-08, -2.3167e-08,
         -2.3167e-08, -2.3167e-08, -2.3167e-08, -2.3167e-08, -2.3167e-08,
         -2.3167e-08, -2.3167e-08, -2.3167e-08, -2.3167e-08, -2.3167e-08,
         -2.3167e-08],
        [-2.3167e-08, -2.3167e-08, -2.3167e-08, -2.3167e-08, -2.3167e-08,
         -2.3167e-08, -2.3167e-08, -2.3167e-08, -2.3167e-08, -2.3167e-08,
         -2.3167e-08, -2.3167e-08, -2.3167e-08, -2.3167e-08, -2.3167e-08,
         -2.3167e-08, -2.3167e-08, -2.3167e-08, -2.3167e-08, -2.3167e-08,
         -2.3167e-08],
        [-2.3167e-08, -2.3167e-08, -2.3167e-08, -2.3167e-08, -2.3167e-08,
         -2.3167e-08, -2.3167e-08, -2.3167e-08, -2.3167e-08, -2.3167e-08,
         -2.3167e-08, -2.3167e-08, -2.3167e-08, -2.3167e-08, -2.3167e-08,
         -2.3167e-08, -2.3167e-08, -2.3167e-08, -2.3167e-08, -2.3167e-08,
         -2.3167e-08],
        [-2.3167e-08, -2.3167e-08, -2.3167e-08, -2.3167e-08, -2.3167e-08,
         -2.3167e-08, -2.3167e-08, -2.3167e-08, -2.3167e-08, -2.3167e-08,
         -2.3167e-08, -2.3167e-08, -2.3167e-08, -2.3167e-08, -2.3167e-08,
         -2.3167e-08, -2.3167e-08, -2.3167e-08, -2.3167e-08, -2.3167e-08,
         -2.3167e-08],
        [-2.3167e-08, -2.3167e-08, -2.3167e-08, -2.3167e-08, -2.3167e-08,
         -2.3167e-08, -2.3167e-08, -2.3167e-08, -2.3167e-08, -2.3167e-08,
         -2.3167e-08, -2.3167e-08, -2.3167e-08, -2.3167e-08, -2.3167e-08,
         -2.3167e-08, -2.3167e-08, -2.3167e-08, -2.3167e-08, -2.3167e-08,
         -2.3167e-08],
        [-2.3167e-08, -2.3167e-08, -2.3167e-08, -2.3167e-08, -2.3167e-08,
         -2.3167e-08, -2.3167e-08, -2.3167e-08, -2.3167e-08, -2.3167e-08,
         -2.3167e-08, -2.3167e-08, -2.3167e-08, -2.3167e-08, -2.3167e-08,
         -2.3167e-08, -2.3167e-08, -2.3167e-08, -2.3167e-08, -2.3167e-08,
         -2.3167e-08],
        [-2.3167e-08, -2.3167e-08, -2.3167e-08, -2.3167e-08, -2.3167e-08,
         -2.3167e-08, -2.3167e-08, -2.3167e-08, -2.3167e-08, -2.3167e-08,
         -2.3167e-08, -2.3167e-08, -2.3167e-08, -2.3167e-08, -2.3167e-08,
         -2.3167e-08, -2.3167e-08, -2.3167e-08, -2.3167e-08, -2.3167e-08,
         -2.3167e-08],
        [-2.3167e-08, -2.3167e-08, -2.3167e-08, -2.3167e-08, -2.3167e-08,
         -2.3167e-08, -2.3167e-08, -2.3167e-08, -2.3167e-08, -2.3167e-08,
         -2.3167e-08, -2.3167e-08, -2.3167e-08, -2.3167e-08, -2.3167e-08,
         -2.3167e-08, -2.3167e-08, -2.3167e-08, -2.3167e-08, -2.3167e-08,
         -2.3167e-08],
        [-2.3167e-08, -2.3167e-08, -2.3167e-08, -2.3167e-08, -2.3167e-08,
         -2.3167e-08, -2.3167e-08, -2.3167e-08, -2.3167e-08, -2.3167e-08,
         -2.3167e-08, -2.3167e-08, -2.3167e-08, -2.3167e-08, -2.3167e-08,
         -2.3167e-08, -2.3167e-08, -2.3167e-08, -2.3167e-08, -2.3167e-08,
         -2.3167e-08],
        [-2.3167e-08, -2.3167e-08, -2.3167e-08, -2.3167e-08, -2.3167e-08,
         -2.3167e-08, -2.3167e-08, -2.3167e-08, -2.3167e-08, -2.3167e-08,
         -2.3167e-08, -2.3167e-08, -2.3167e-08, -2.3167e-08, -2.3167e-08,
         -2.3167e-08, -2.3167e-08, -2.3167e-08, -2.3167e-08, -2.3167e-08,
         -2.3167e-08],
        [-2.3167e-08, -2.3167e-08, -2.3167e-08, -2.3167e-08, -2.3167e-08,
         -2.3167e-08, -2.3167e-08, -2.3167e-08, -2.3167e-08, -2.3167e-08,
         -2.3167e-08, -2.3167e-08, -2.3167e-08, -2.3167e-08, -2.3167e-08,
         -2.3167e-08, -2.3167e-08, -2.3167e-08, -2.3167e-08, -2.3167e-08,
         -2.3167e-08],
        [-2.3167e-08, -2.3167e-08, -2.3167e-08, -2.3167e-08, -2.3167e-08,
         -2.3167e-08, -2.3167e-08, -2.3167e-08, -2.3167e-08, -2.3167e-08,
         -2.3167e-08, -2.3167e-08, -2.3167e-08, -2.3167e-08, -2.3167e-08,
         -2.3167e-08, -2.3167e-08, -2.3167e-08, -2.3167e-08, -2.3167e-08,
         -2.3167e-08],
        [-2.3167e-08, -2.3167e-08, -2.3167e-08, -2.3167e-08, -2.3167e-08,
         -2.3167e-08, -2.3167e-08, -2.3167e-08, -2.3167e-08, -2.3167e-08,
         -2.3167e-08, -2.3167e-08, -2.3167e-08, -2.3167e-08, -2.3167e-08,
         -2.3167e-08, -2.3167e-08, -2.3167e-08, -2.3167e-08, -2.3167e-08,
         -2.3167e-08],
        [-2.3167e-08, -2.3167e-08, -2.3167e-08, -2.3167e-08, -2.3167e-08,
         -2.3167e-08, -2.3167e-08, -2.3167e-08, -2.3167e-08, -2.3167e-08,
         -2.3167e-08, -2.3167e-08, -2.3167e-08, -2.3167e-08, -2.3167e-08,
         -2.3167e-08, -2.3167e-08, -2.3167e-08, -2.3167e-08, -2.3167e-08,
         -2.3167e-08],
        [-2.3167e-08, -2.3167e-08, -2.3167e-08, -2.3167e-08, -2.3167e-08,
         -2.3167e-08, -2.3167e-08, -2.3167e-08, -2.3167e-08, -2.3167e-08,
         -2.3167e-08, -2.3167e-08, -2.3167e-08, -2.3167e-08, -2.3167e-08,
         -2.3167e-08, -2.3167e-08, -2.3167e-08, -2.3167e-08, -2.3167e-08,
         -2.3167e-08],
        [-2.3167e-08, -2.3167e-08, -2.3167e-08, -2.3167e-08, -2.3167e-08,
         -2.3167e-08, -2.3167e-08, -2.3167e-08, -2.3167e-08, -2.3167e-08,
         -2.3167e-08, -2.3167e-08, -2.3167e-08, -2.3167e-08, -2.3167e-08,
         -2.3167e-08, -2.3167e-08, -2.3167e-08, -2.3167e-08, -2.3167e-08,
         -2.3167e-08],
        [-2.3167e-08, -2.3167e-08, -2.3167e-08, -2.3167e-08, -2.3167e-08,
         -2.3167e-08, -2.3167e-08, -2.3167e-08, -2.3167e-08, -2.3167e-08,
         -2.3167e-08, -2.3167e-08, -2.3167e-08, -2.3167e-08, -2.3167e-08,
         -2.3167e-08, -2.3167e-08, -2.3167e-08, -2.3167e-08, -2.3167e-08,
         -2.3167e-08],
        [-2.3167e-08, -2.3167e-08, -2.3167e-08, -2.3167e-08, -2.3167e-08,
         -2.3167e-08, -2.3167e-08, -2.3167e-08, -2.3167e-08, -2.3167e-08,
         -2.3167e-08, -2.3167e-08, -2.3167e-08, -2.3167e-08, -2.3167e-08,
         -2.3167e-08, -2.3167e-08, -2.3167e-08, -2.3167e-08, -2.3167e-08,
         -2.3167e-08],
        [-2.3167e-08, -2.3167e-08, -2.3167e-08, -2.3167e-08, -2.3167e-08,
         -2.3167e-08, -2.3167e-08, -2.3167e-08, -2.3167e-08, -2.3167e-08,
         -2.3167e-08, -2.3167e-08, -2.3167e-08, -2.3167e-08, -2.3167e-08,
         -2.3167e-08, -2.3167e-08, -2.3167e-08, -2.3167e-08, -2.3167e-08,
         -2.3167e-08]])
tensor([-2.3167e-08, -2.3167e-08, -2.3167e-08, -2.3167e-08, -2.3167e-08,
        -2.3167e-08, -2.3167e-08, -2.3167e-08, -2.3167e-08, -2.3167e-08,
        -2.3167e-08, -2.3167e-08, -2.3167e-08, -2.3167e-08, -2.3167e-08,
        -2.3167e-08, -2.3167e-08, -2.3167e-08, -2.3167e-08, -2.3167e-08,
        -2.3167e-08])
[Layer 8]
tensor([[-0.0018, -0.0018, -0.0018, -0.0018, -0.0018, -0.0018, -0.0018, -0.0018,
         -0.0018, -0.0018, -0.0018, -0.0018, -0.0018, -0.0018, -0.0018, -0.0018,
         -0.0018, -0.0018, -0.0018, -0.0018, -0.0018],
        [-0.0018, -0.0018, -0.0018, -0.0018, -0.0018, -0.0018, -0.0018, -0.0018,
         -0.0018, -0.0018, -0.0018, -0.0018, -0.0018, -0.0018, -0.0018, -0.0018,
         -0.0018, -0.0018, -0.0018, -0.0018, -0.0018],
        [-0.0018, -0.0018, -0.0018, -0.0018, -0.0018, -0.0018, -0.0018, -0.0018,
         -0.0018, -0.0018, -0.0018, -0.0018, -0.0018, -0.0018, -0.0018, -0.0018,
         -0.0018, -0.0018, -0.0018, -0.0018, -0.0018],
        [-0.0018, -0.0018, -0.0018, -0.0018, -0.0018, -0.0018, -0.0018, -0.0018,
         -0.0018, -0.0018, -0.0018, -0.0018, -0.0018, -0.0018, -0.0018, -0.0018,
         -0.0018, -0.0018, -0.0018, -0.0018, -0.0018],
        [-0.0018, -0.0018, -0.0018, -0.0018, -0.0018, -0.0018, -0.0018, -0.0018,
         -0.0018, -0.0018, -0.0018, -0.0018, -0.0018, -0.0018, -0.0018, -0.0018,
         -0.0018, -0.0018, -0.0018, -0.0018, -0.0018],
        [-0.0018, -0.0018, -0.0018, -0.0018, -0.0018, -0.0018, -0.0018, -0.0018,
         -0.0018, -0.0018, -0.0018, -0.0018, -0.0018, -0.0018, -0.0018, -0.0018,
         -0.0018, -0.0018, -0.0018, -0.0018, -0.0018],
        [-0.0018, -0.0018, -0.0018, -0.0018, -0.0018, -0.0018, -0.0018, -0.0018,
         -0.0018, -0.0018, -0.0018, -0.0018, -0.0018, -0.0018, -0.0018, -0.0018,
         -0.0018, -0.0018, -0.0018, -0.0018, -0.0018],
        [-0.0018, -0.0018, -0.0018, -0.0018, -0.0018, -0.0018, -0.0018, -0.0018,
         -0.0018, -0.0018, -0.0018, -0.0018, -0.0018, -0.0018, -0.0018, -0.0018,
         -0.0018, -0.0018, -0.0018, -0.0018, -0.0018],
        [-0.0018, -0.0018, -0.0018, -0.0018, -0.0018, -0.0018, -0.0018, -0.0018,
         -0.0018, -0.0018, -0.0018, -0.0018, -0.0018, -0.0018, -0.0018, -0.0018,
         -0.0018, -0.0018, -0.0018, -0.0018, -0.0018],
        [-0.0018, -0.0018, -0.0018, -0.0018, -0.0018, -0.0018, -0.0018, -0.0018,
         -0.0018, -0.0018, -0.0018, -0.0018, -0.0018, -0.0018, -0.0018, -0.0018,
         -0.0018, -0.0018, -0.0018, -0.0018, -0.0018],
        [-0.0018, -0.0018, -0.0018, -0.0018, -0.0018, -0.0018, -0.0018, -0.0018,
         -0.0018, -0.0018, -0.0018, -0.0018, -0.0018, -0.0018, -0.0018, -0.0018,
         -0.0018, -0.0018, -0.0018, -0.0018, -0.0018],
        [-0.0018, -0.0018, -0.0018, -0.0018, -0.0018, -0.0018, -0.0018, -0.0018,
         -0.0018, -0.0018, -0.0018, -0.0018, -0.0018, -0.0018, -0.0018, -0.0018,
         -0.0018, -0.0018, -0.0018, -0.0018, -0.0018],
        [-0.0018, -0.0018, -0.0018, -0.0018, -0.0018, -0.0018, -0.0018, -0.0018,
         -0.0018, -0.0018, -0.0018, -0.0018, -0.0018, -0.0018, -0.0018, -0.0018,
         -0.0018, -0.0018, -0.0018, -0.0018, -0.0018],
        [-0.0018, -0.0018, -0.0018, -0.0018, -0.0018, -0.0018, -0.0018, -0.0018,
         -0.0018, -0.0018, -0.0018, -0.0018, -0.0018, -0.0018, -0.0018, -0.0018,
         -0.0018, -0.0018, -0.0018, -0.0018, -0.0018],
        [-0.0018, -0.0018, -0.0018, -0.0018, -0.0018, -0.0018, -0.0018, -0.0018,
         -0.0018, -0.0018, -0.0018, -0.0018, -0.0018, -0.0018, -0.0018, -0.0018,
         -0.0018, -0.0018, -0.0018, -0.0018, -0.0018],
        [-0.0018, -0.0018, -0.0018, -0.0018, -0.0018, -0.0018, -0.0018, -0.0018,
         -0.0018, -0.0018, -0.0018, -0.0018, -0.0018, -0.0018, -0.0018, -0.0018,
         -0.0018, -0.0018, -0.0018, -0.0018, -0.0018],
        [-0.0018, -0.0018, -0.0018, -0.0018, -0.0018, -0.0018, -0.0018, -0.0018,
         -0.0018, -0.0018, -0.0018, -0.0018, -0.0018, -0.0018, -0.0018, -0.0018,
         -0.0018, -0.0018, -0.0018, -0.0018, -0.0018],
        [-0.0018, -0.0018, -0.0018, -0.0018, -0.0018, -0.0018, -0.0018, -0.0018,
         -0.0018, -0.0018, -0.0018, -0.0018, -0.0018, -0.0018, -0.0018, -0.0018,
         -0.0018, -0.0018, -0.0018, -0.0018, -0.0018],
        [-0.0018, -0.0018, -0.0018, -0.0018, -0.0018, -0.0018, -0.0018, -0.0018,
         -0.0018, -0.0018, -0.0018, -0.0018, -0.0018, -0.0018, -0.0018, -0.0018,
         -0.0018, -0.0018, -0.0018, -0.0018, -0.0018],
        [-0.0018, -0.0018, -0.0018, -0.0018, -0.0018, -0.0018, -0.0018, -0.0018,
         -0.0018, -0.0018, -0.0018, -0.0018, -0.0018, -0.0018, -0.0018, -0.0018,
         -0.0018, -0.0018, -0.0018, -0.0018, -0.0018],
        [-0.0018, -0.0018, -0.0018, -0.0018, -0.0018, -0.0018, -0.0018, -0.0018,
         -0.0018, -0.0018, -0.0018, -0.0018, -0.0018, -0.0018, -0.0018, -0.0018,
         -0.0018, -0.0018, -0.0018, -0.0018, -0.0018]])
tensor([-0.0018, -0.0018, -0.0018, -0.0018, -0.0018, -0.0018, -0.0018, -0.0018,
        -0.0018, -0.0018, -0.0018, -0.0018, -0.0018, -0.0018, -0.0018, -0.0018,
        -0.0018, -0.0018, -0.0018, -0.0018, -0.0018])
[Layer 9]
tensor([[1.4677],
        [1.4677],
        [1.4677],
        [1.4677],
        [1.4677],
        [1.4677],
        [1.4677],
        [1.4677],
        [1.4677],
        [1.4677],
        [1.4677],
        [1.4677],
        [1.4677],
        [1.4677],
        [1.4677],
        [1.4677],
        [1.4677],
        [1.4677],
        [1.4677],
        [1.4677],
        [1.4677]])
tensor(1.4676)
