[Layer 0]
tensor([[0., 0., 0., 0., 0., 0., 0., 0., 0., 0., 0., 0., 0., 0., 0., 0., 0., 0., 0., 0., 0.],
        [0., 0., 0., 0., 0., 0., 0., 0., 0., 0., 0., 0., 0., 0., 0., 0., 0., 0., 0., 0., 0.],
        [0., 0., 0., 0., 0., 0., 0., 0., 0., 0., 0., 0., 0., 0., 0., 0., 0., 0., 0., 0., 0.],
        [0., 0., 0., 0., 0., 0., 0., 0., 0., 0., 0., 0., 0., 0., 0., 0., 0., 0., 0., 0., 0.],
        [0., 0., 0., 0., 0., 0., 0., 0., 0., 0., 0., 0., 0., 0., 0., 0., 0., 0., 0., 0., 0.],
        [0., 0., 0., 0., 0., 0., 0., 0., 0., 0., 0., 0., 0., 0., 0., 0., 0., 0., 0., 0., 0.],
        [0., 0., 0., 0., 0., 0., 0., 0., 0., 0., 0., 0., 0., 0., 0., 0., 0., 0., 0., 0., 0.],
        [0., 0., 0., 0., 0., 0., 0., 0., 0., 0., 0., 0., 0., 0., 0., 0., 0., 0., 0., 0., 0.],
        [0., 0., 0., 0., 0., 0., 0., 0., 0., 0., 0., 0., 0., 0., 0., 0., 0., 0., 0., 0., 0.],
        [0., 0., 0., 0., 0., 0., 0., 0., 0., 0., 0., 0., 0., 0., 0., 0., 0., 0., 0., 0., 0.]])
tensor([0., 0., 0., 0., 0., 0., 0., 0., 0., 0., 0., 0., 0., 0., 0., 0., 0., 0., 0., 0., 0.])
[Layer 1]
tensor([[0., 0., 0., 0., 0., 0., 0., 0., 0., 0., 0., 0., 0., 0., 0., 0., 0., 0., 0., 0., 0.],
        [0., 0., 0., 0., 0., 0., 0., 0., 0., 0., 0., 0., 0., 0., 0., 0., 0., 0., 0., 0., 0.],
        [0., 0., 0., 0., 0., 0., 0., 0., 0., 0., 0., 0., 0., 0., 0., 0., 0., 0., 0., 0., 0.],
        [0., 0., 0., 0., 0., 0., 0., 0., 0., 0., 0., 0., 0., 0., 0., 0., 0., 0., 0., 0., 0.],
        [0., 0., 0., 0., 0., 0., 0., 0., 0., 0., 0., 0., 0., 0., 0., 0., 0., 0., 0., 0., 0.],
        [0., 0., 0., 0., 0., 0., 0., 0., 0., 0., 0., 0., 0., 0., 0., 0., 0., 0., 0., 0., 0.],
        [0., 0., 0., 0., 0., 0., 0., 0., 0., 0., 0., 0., 0., 0., 0., 0., 0., 0., 0., 0., 0.],
        [0., 0., 0., 0., 0., 0., 0., 0., 0., 0., 0., 0., 0., 0., 0., 0., 0., 0., 0., 0., 0.],
        [0., 0., 0., 0., 0., 0., 0., 0., 0., 0., 0., 0., 0., 0., 0., 0., 0., 0., 0., 0., 0.],
        [0., 0., 0., 0., 0., 0., 0., 0., 0., 0., 0., 0., 0., 0., 0., 0., 0., 0., 0., 0., 0.],
        [0., 0., 0., 0., 0., 0., 0., 0., 0., 0., 0., 0., 0., 0., 0., 0., 0., 0., 0., 0., 0.],
        [0., 0., 0., 0., 0., 0., 0., 0., 0., 0., 0., 0., 0., 0., 0., 0., 0., 0., 0., 0., 0.],
        [0., 0., 0., 0., 0., 0., 0., 0., 0., 0., 0., 0., 0., 0., 0., 0., 0., 0., 0., 0., 0.],
        [0., 0., 0., 0., 0., 0., 0., 0., 0., 0., 0., 0., 0., 0., 0., 0., 0., 0., 0., 0., 0.],
        [0., 0., 0., 0., 0., 0., 0., 0., 0., 0., 0., 0., 0., 0., 0., 0., 0., 0., 0., 0., 0.],
        [0., 0., 0., 0., 0., 0., 0., 0., 0., 0., 0., 0., 0., 0., 0., 0., 0., 0., 0., 0., 0.],
        [0., 0., 0., 0., 0., 0., 0., 0., 0., 0., 0., 0., 0., 0., 0., 0., 0., 0., 0., 0., 0.],
        [0., 0., 0., 0., 0., 0., 0., 0., 0., 0., 0., 0., 0., 0., 0., 0., 0., 0., 0., 0., 0.],
        [0., 0., 0., 0., 0., 0., 0., 0., 0., 0., 0., 0., 0., 0., 0., 0., 0., 0., 0., 0., 0.],
        [0., 0., 0., 0., 0., 0., 0., 0., 0., 0., 0., 0., 0., 0., 0., 0., 0., 0., 0., 0., 0.],
        [0., 0., 0., 0., 0., 0., 0., 0., 0., 0., 0., 0., 0., 0., 0., 0., 0., 0., 0., 0., 0.]])
tensor([0., 0., 0., 0., 0., 0., 0., 0., 0., 0., 0., 0., 0., 0., 0., 0., 0., 0., 0., 0., 0.])
[Layer 2]
tensor([[0., 0., 0., 0., 0., 0., 0., 0., 0., 0., 0., 0., 0., 0., 0., 0., 0., 0., 0., 0., 0.],
        [0., 0., 0., 0., 0., 0., 0., 0., 0., 0., 0., 0., 0., 0., 0., 0., 0., 0., 0., 0., 0.],
        [0., 0., 0., 0., 0., 0., 0., 0., 0., 0., 0., 0., 0., 0., 0., 0., 0., 0., 0., 0., 0.],
        [0., 0., 0., 0., 0., 0., 0., 0., 0., 0., 0., 0., 0., 0., 0., 0., 0., 0., 0., 0., 0.],
        [0., 0., 0., 0., 0., 0., 0., 0., 0., 0., 0., 0., 0., 0., 0., 0., 0., 0., 0., 0., 0.],
        [0., 0., 0., 0., 0., 0., 0., 0., 0., 0., 0., 0., 0., 0., 0., 0., 0., 0., 0., 0., 0.],
        [0., 0., 0., 0., 0., 0., 0., 0., 0., 0., 0., 0., 0., 0., 0., 0., 0., 0., 0., 0., 0.],
        [0., 0., 0., 0., 0., 0., 0., 0., 0., 0., 0., 0., 0., 0., 0., 0., 0., 0., 0., 0., 0.],
        [0., 0., 0., 0., 0., 0., 0., 0., 0., 0., 0., 0., 0., 0., 0., 0., 0., 0., 0., 0., 0.],
        [0., 0., 0., 0., 0., 0., 0., 0., 0., 0., 0., 0., 0., 0., 0., 0., 0., 0., 0., 0., 0.],
        [0., 0., 0., 0., 0., 0., 0., 0., 0., 0., 0., 0., 0., 0., 0., 0., 0., 0., 0., 0., 0.],
        [0., 0., 0., 0., 0., 0., 0., 0., 0., 0., 0., 0., 0., 0., 0., 0., 0., 0., 0., 0., 0.],
        [0., 0., 0., 0., 0., 0., 0., 0., 0., 0., 0., 0., 0., 0., 0., 0., 0., 0., 0., 0., 0.],
        [0., 0., 0., 0., 0., 0., 0., 0., 0., 0., 0., 0., 0., 0., 0., 0., 0., 0., 0., 0., 0.],
        [0., 0., 0., 0., 0., 0., 0., 0., 0., 0., 0., 0., 0., 0., 0., 0., 0., 0., 0., 0., 0.],
        [0., 0., 0., 0., 0., 0., 0., 0., 0., 0., 0., 0., 0., 0., 0., 0., 0., 0., 0., 0., 0.],
        [0., 0., 0., 0., 0., 0., 0., 0., 0., 0., 0., 0., 0., 0., 0., 0., 0., 0., 0., 0., 0.],
        [0., 0., 0., 0., 0., 0., 0., 0., 0., 0., 0., 0., 0., 0., 0., 0., 0., 0., 0., 0., 0.],
        [0., 0., 0., 0., 0., 0., 0., 0., 0., 0., 0., 0., 0., 0., 0., 0., 0., 0., 0., 0., 0.],
        [0., 0., 0., 0., 0., 0., 0., 0., 0., 0., 0., 0., 0., 0., 0., 0., 0., 0., 0., 0., 0.],
        [0., 0., 0., 0., 0., 0., 0., 0., 0., 0., 0., 0., 0., 0., 0., 0., 0., 0., 0., 0., 0.]])
tensor([0., 0., 0., 0., 0., 0., 0., 0., 0., 0., 0., 0., 0., 0., 0., 0., 0., 0., 0., 0., 0.])
[Layer 3]
tensor([[0., 0., 0., 0., 0., 0., 0., 0., 0., 0., 0., 0., 0., 0., 0., 0., 0., 0., 0., 0., 0.],
        [0., 0., 0., 0., 0., 0., 0., 0., 0., 0., 0., 0., 0., 0., 0., 0., 0., 0., 0., 0., 0.],
        [0., 0., 0., 0., 0., 0., 0., 0., 0., 0., 0., 0., 0., 0., 0., 0., 0., 0., 0., 0., 0.],
        [0., 0., 0., 0., 0., 0., 0., 0., 0., 0., 0., 0., 0., 0., 0., 0., 0., 0., 0., 0., 0.],
        [0., 0., 0., 0., 0., 0., 0., 0., 0., 0., 0., 0., 0., 0., 0., 0., 0., 0., 0., 0., 0.],
        [0., 0., 0., 0., 0., 0., 0., 0., 0., 0., 0., 0., 0., 0., 0., 0., 0., 0., 0., 0., 0.],
        [0., 0., 0., 0., 0., 0., 0., 0., 0., 0., 0., 0., 0., 0., 0., 0., 0., 0., 0., 0., 0.],
        [0., 0., 0., 0., 0., 0., 0., 0., 0., 0., 0., 0., 0., 0., 0., 0., 0., 0., 0., 0., 0.],
        [0., 0., 0., 0., 0., 0., 0., 0., 0., 0., 0., 0., 0., 0., 0., 0., 0., 0., 0., 0., 0.],
        [0., 0., 0., 0., 0., 0., 0., 0., 0., 0., 0., 0., 0., 0., 0., 0., 0., 0., 0., 0., 0.],
        [0., 0., 0., 0., 0., 0., 0., 0., 0., 0., 0., 0., 0., 0., 0., 0., 0., 0., 0., 0., 0.],
        [0., 0., 0., 0., 0., 0., 0., 0., 0., 0., 0., 0., 0., 0., 0., 0., 0., 0., 0., 0., 0.],
        [0., 0., 0., 0., 0., 0., 0., 0., 0., 0., 0., 0., 0., 0., 0., 0., 0., 0., 0., 0., 0.],
        [0., 0., 0., 0., 0., 0., 0., 0., 0., 0., 0., 0., 0., 0., 0., 0., 0., 0., 0., 0., 0.],
        [0., 0., 0., 0., 0., 0., 0., 0., 0., 0., 0., 0., 0., 0., 0., 0., 0., 0., 0., 0., 0.],
        [0., 0., 0., 0., 0., 0., 0., 0., 0., 0., 0., 0., 0., 0., 0., 0., 0., 0., 0., 0., 0.],
        [0., 0., 0., 0., 0., 0., 0., 0., 0., 0., 0., 0., 0., 0., 0., 0., 0., 0., 0., 0., 0.],
        [0., 0., 0., 0., 0., 0., 0., 0., 0., 0., 0., 0., 0., 0., 0., 0., 0., 0., 0., 0., 0.],
        [0., 0., 0., 0., 0., 0., 0., 0., 0., 0., 0., 0., 0., 0., 0., 0., 0., 0., 0., 0., 0.],
        [0., 0., 0., 0., 0., 0., 0., 0., 0., 0., 0., 0., 0., 0., 0., 0., 0., 0., 0., 0., 0.],
        [0., 0., 0., 0., 0., 0., 0., 0., 0., 0., 0., 0., 0., 0., 0., 0., 0., 0., 0., 0., 0.]])
tensor([0., 0., 0., 0., 0., 0., 0., 0., 0., 0., 0., 0., 0., 0., 0., 0., 0., 0., 0., 0., 0.])
[Layer 4]
tensor([[0., 0., 0., 0., 0., 0., 0., 0., 0., 0., 0., 0., 0., 0., 0., 0., 0., 0., 0., 0., 0.],
        [0., 0., 0., 0., 0., 0., 0., 0., 0., 0., 0., 0., 0., 0., 0., 0., 0., 0., 0., 0., 0.],
        [0., 0., 0., 0., 0., 0., 0., 0., 0., 0., 0., 0., 0., 0., 0., 0., 0., 0., 0., 0., 0.],
        [0., 0., 0., 0., 0., 0., 0., 0., 0., 0., 0., 0., 0., 0., 0., 0., 0., 0., 0., 0., 0.],
        [0., 0., 0., 0., 0., 0., 0., 0., 0., 0., 0., 0., 0., 0., 0., 0., 0., 0., 0., 0., 0.],
        [0., 0., 0., 0., 0., 0., 0., 0., 0., 0., 0., 0., 0., 0., 0., 0., 0., 0., 0., 0., 0.],
        [0., 0., 0., 0., 0., 0., 0., 0., 0., 0., 0., 0., 0., 0., 0., 0., 0., 0., 0., 0., 0.],
        [0., 0., 0., 0., 0., 0., 0., 0., 0., 0., 0., 0., 0., 0., 0., 0., 0., 0., 0., 0., 0.],
        [0., 0., 0., 0., 0., 0., 0., 0., 0., 0., 0., 0., 0., 0., 0., 0., 0., 0., 0., 0., 0.],
        [0., 0., 0., 0., 0., 0., 0., 0., 0., 0., 0., 0., 0., 0., 0., 0., 0., 0., 0., 0., 0.],
        [0., 0., 0., 0., 0., 0., 0., 0., 0., 0., 0., 0., 0., 0., 0., 0., 0., 0., 0., 0., 0.],
        [0., 0., 0., 0., 0., 0., 0., 0., 0., 0., 0., 0., 0., 0., 0., 0., 0., 0., 0., 0., 0.],
        [0., 0., 0., 0., 0., 0., 0., 0., 0., 0., 0., 0., 0., 0., 0., 0., 0., 0., 0., 0., 0.],
        [0., 0., 0., 0., 0., 0., 0., 0., 0., 0., 0., 0., 0., 0., 0., 0., 0., 0., 0., 0., 0.],
        [0., 0., 0., 0., 0., 0., 0., 0., 0., 0., 0., 0., 0., 0., 0., 0., 0., 0., 0., 0., 0.],
        [0., 0., 0., 0., 0., 0., 0., 0., 0., 0., 0., 0., 0., 0., 0., 0., 0., 0., 0., 0., 0.],
        [0., 0., 0., 0., 0., 0., 0., 0., 0., 0., 0., 0., 0., 0., 0., 0., 0., 0., 0., 0., 0.],
        [0., 0., 0., 0., 0., 0., 0., 0., 0., 0., 0., 0., 0., 0., 0., 0., 0., 0., 0., 0., 0.],
        [0., 0., 0., 0., 0., 0., 0., 0., 0., 0., 0., 0., 0., 0., 0., 0., 0., 0., 0., 0., 0.],
        [0., 0., 0., 0., 0., 0., 0., 0., 0., 0., 0., 0., 0., 0., 0., 0., 0., 0., 0., 0., 0.],
        [0., 0., 0., 0., 0., 0., 0., 0., 0., 0., 0., 0., 0., 0., 0., 0., 0., 0., 0., 0., 0.]])
tensor([0., 0., 0., 0., 0., 0., 0., 0., 0., 0., 0., 0., 0., 0., 0., 0., 0., 0., 0., 0., 0.])
[Layer 5]
tensor([[0., 0., 0., 0., 0., 0., 0., 0., 0., 0., 0., 0., 0., 0., 0., 0., 0., 0., 0., 0., 0.],
        [0., 0., 0., 0., 0., 0., 0., 0., 0., 0., 0., 0., 0., 0., 0., 0., 0., 0., 0., 0., 0.],
        [0., 0., 0., 0., 0., 0., 0., 0., 0., 0., 0., 0., 0., 0., 0., 0., 0., 0., 0., 0., 0.],
        [0., 0., 0., 0., 0., 0., 0., 0., 0., 0., 0., 0., 0., 0., 0., 0., 0., 0., 0., 0., 0.],
        [0., 0., 0., 0., 0., 0., 0., 0., 0., 0., 0., 0., 0., 0., 0., 0., 0., 0., 0., 0., 0.],
        [0., 0., 0., 0., 0., 0., 0., 0., 0., 0., 0., 0., 0., 0., 0., 0., 0., 0., 0., 0., 0.],
        [0., 0., 0., 0., 0., 0., 0., 0., 0., 0., 0., 0., 0., 0., 0., 0., 0., 0., 0., 0., 0.],
        [0., 0., 0., 0., 0., 0., 0., 0., 0., 0., 0., 0., 0., 0., 0., 0., 0., 0., 0., 0., 0.],
        [0., 0., 0., 0., 0., 0., 0., 0., 0., 0., 0., 0., 0., 0., 0., 0., 0., 0., 0., 0., 0.],
        [0., 0., 0., 0., 0., 0., 0., 0., 0., 0., 0., 0., 0., 0., 0., 0., 0., 0., 0., 0., 0.],
        [0., 0., 0., 0., 0., 0., 0., 0., 0., 0., 0., 0., 0., 0., 0., 0., 0., 0., 0., 0., 0.],
        [0., 0., 0., 0., 0., 0., 0., 0., 0., 0., 0., 0., 0., 0., 0., 0., 0., 0., 0., 0., 0.],
        [0., 0., 0., 0., 0., 0., 0., 0., 0., 0., 0., 0., 0., 0., 0., 0., 0., 0., 0., 0., 0.],
        [0., 0., 0., 0., 0., 0., 0., 0., 0., 0., 0., 0., 0., 0., 0., 0., 0., 0., 0., 0., 0.],
        [0., 0., 0., 0., 0., 0., 0., 0., 0., 0., 0., 0., 0., 0., 0., 0., 0., 0., 0., 0., 0.],
        [0., 0., 0., 0., 0., 0., 0., 0., 0., 0., 0., 0., 0., 0., 0., 0., 0., 0., 0., 0., 0.],
        [0., 0., 0., 0., 0., 0., 0., 0., 0., 0., 0., 0., 0., 0., 0., 0., 0., 0., 0., 0., 0.],
        [0., 0., 0., 0., 0., 0., 0., 0., 0., 0., 0., 0., 0., 0., 0., 0., 0., 0., 0., 0., 0.],
        [0., 0., 0., 0., 0., 0., 0., 0., 0., 0., 0., 0., 0., 0., 0., 0., 0., 0., 0., 0., 0.],
        [0., 0., 0., 0., 0., 0., 0., 0., 0., 0., 0., 0., 0., 0., 0., 0., 0., 0., 0., 0., 0.],
        [0., 0., 0., 0., 0., 0., 0., 0., 0., 0., 0., 0., 0., 0., 0., 0., 0., 0., 0., 0., 0.]])
tensor([0., 0., 0., 0., 0., 0., 0., 0., 0., 0., 0., 0., 0., 0., 0., 0., 0., 0., 0., 0., 0.])
[Layer 6]
tensor([[0., 0., 0., 0., 0., 0., 0., 0., 0., 0., 0., 0., 0., 0., 0., 0., 0., 0., 0., 0., 0.],
        [0., 0., 0., 0., 0., 0., 0., 0., 0., 0., 0., 0., 0., 0., 0., 0., 0., 0., 0., 0., 0.],
        [0., 0., 0., 0., 0., 0., 0., 0., 0., 0., 0., 0., 0., 0., 0., 0., 0., 0., 0., 0., 0.],
        [0., 0., 0., 0., 0., 0., 0., 0., 0., 0., 0., 0., 0., 0., 0., 0., 0., 0., 0., 0., 0.],
        [0., 0., 0., 0., 0., 0., 0., 0., 0., 0., 0., 0., 0., 0., 0., 0., 0., 0., 0., 0., 0.],
        [0., 0., 0., 0., 0., 0., 0., 0., 0., 0., 0., 0., 0., 0., 0., 0., 0., 0., 0., 0., 0.],
        [0., 0., 0., 0., 0., 0., 0., 0., 0., 0., 0., 0., 0., 0., 0., 0., 0., 0., 0., 0., 0.],
        [0., 0., 0., 0., 0., 0., 0., 0., 0., 0., 0., 0., 0., 0., 0., 0., 0., 0., 0., 0., 0.],
        [0., 0., 0., 0., 0., 0., 0., 0., 0., 0., 0., 0., 0., 0., 0., 0., 0., 0., 0., 0., 0.],
        [0., 0., 0., 0., 0., 0., 0., 0., 0., 0., 0., 0., 0., 0., 0., 0., 0., 0., 0., 0., 0.],
        [0., 0., 0., 0., 0., 0., 0., 0., 0., 0., 0., 0., 0., 0., 0., 0., 0., 0., 0., 0., 0.],
        [0., 0., 0., 0., 0., 0., 0., 0., 0., 0., 0., 0., 0., 0., 0., 0., 0., 0., 0., 0., 0.],
        [0., 0., 0., 0., 0., 0., 0., 0., 0., 0., 0., 0., 0., 0., 0., 0., 0., 0., 0., 0., 0.],
        [0., 0., 0., 0., 0., 0., 0., 0., 0., 0., 0., 0., 0., 0., 0., 0., 0., 0., 0., 0., 0.],
        [0., 0., 0., 0., 0., 0., 0., 0., 0., 0., 0., 0., 0., 0., 0., 0., 0., 0., 0., 0., 0.],
        [0., 0., 0., 0., 0., 0., 0., 0., 0., 0., 0., 0., 0., 0., 0., 0., 0., 0., 0., 0., 0.],
        [0., 0., 0., 0., 0., 0., 0., 0., 0., 0., 0., 0., 0., 0., 0., 0., 0., 0., 0., 0., 0.],
        [0., 0., 0., 0., 0., 0., 0., 0., 0., 0., 0., 0., 0., 0., 0., 0., 0., 0., 0., 0., 0.],
        [0., 0., 0., 0., 0., 0., 0., 0., 0., 0., 0., 0., 0., 0., 0., 0., 0., 0., 0., 0., 0.],
        [0., 0., 0., 0., 0., 0., 0., 0., 0., 0., 0., 0., 0., 0., 0., 0., 0., 0., 0., 0., 0.],
        [0., 0., 0., 0., 0., 0., 0., 0., 0., 0., 0., 0., 0., 0., 0., 0., 0., 0., 0., 0., 0.]])
tensor([0., 0., 0., 0., 0., 0., 0., 0., 0., 0., 0., 0., 0., 0., 0., 0., 0., 0., 0., 0., 0.])
[Layer 7]
tensor([[-2.2096e-10, -2.2096e-10, -2.2096e-10, -2.2096e-10, -2.2096e-10,
         -2.2096e-10, -2.2096e-10, -2.2096e-10, -2.2096e-10, -2.2096e-10,
         -2.2096e-10, -2.2096e-10, -2.2096e-10, -2.2096e-10, -2.2096e-10,
         -2.2096e-10, -2.2096e-10, -2.2096e-10, -2.2096e-10, -2.2096e-10,
         -2.2096e-10],
        [-2.2096e-10, -2.2096e-10, -2.2096e-10, -2.2096e-10, -2.2096e-10,
         -2.2096e-10, -2.2096e-10, -2.2096e-10, -2.2096e-10, -2.2096e-10,
         -2.2096e-10, -2.2096e-10, -2.2096e-10, -2.2096e-10, -2.2096e-10,
         -2.2096e-10, -2.2096e-10, -2.2096e-10, -2.2096e-10, -2.2096e-10,
         -2.2096e-10],
        [-2.2096e-10, -2.2096e-10, -2.2096e-10, -2.2096e-10, -2.2096e-10,
         -2.2096e-10, -2.2096e-10, -2.2096e-10, -2.2096e-10, -2.2096e-10,
         -2.2096e-10, -2.2096e-10, -2.2096e-10, -2.2096e-10, -2.2096e-10,
         -2.2096e-10, -2.2096e-10, -2.2096e-10, -2.2096e-10, -2.2096e-10,
         -2.2096e-10],
        [-2.2096e-10, -2.2096e-10, -2.2096e-10, -2.2096e-10, -2.2096e-10,
         -2.2096e-10, -2.2096e-10, -2.2096e-10, -2.2096e-10, -2.2096e-10,
         -2.2096e-10, -2.2096e-10, -2.2096e-10, -2.2096e-10, -2.2096e-10,
         -2.2096e-10, -2.2096e-10, -2.2096e-10, -2.2096e-10, -2.2096e-10,
         -2.2096e-10],
        [-2.2096e-10, -2.2096e-10, -2.2096e-10, -2.2096e-10, -2.2096e-10,
         -2.2096e-10, -2.2096e-10, -2.2096e-10, -2.2096e-10, -2.2096e-10,
         -2.2096e-10, -2.2096e-10, -2.2096e-10, -2.2096e-10, -2.2096e-10,
         -2.2096e-10, -2.2096e-10, -2.2096e-10, -2.2096e-10, -2.2096e-10,
         -2.2096e-10],
        [-2.2096e-10, -2.2096e-10, -2.2096e-10, -2.2096e-10, -2.2096e-10,
         -2.2096e-10, -2.2096e-10, -2.2096e-10, -2.2096e-10, -2.2096e-10,
         -2.2096e-10, -2.2096e-10, -2.2096e-10, -2.2096e-10, -2.2096e-10,
         -2.2096e-10, -2.2096e-10, -2.2096e-10, -2.2096e-10, -2.2096e-10,
         -2.2096e-10],
        [-2.2096e-10, -2.2096e-10, -2.2096e-10, -2.2096e-10, -2.2096e-10,
         -2.2096e-10, -2.2096e-10, -2.2096e-10, -2.2096e-10, -2.2096e-10,
         -2.2096e-10, -2.2096e-10, -2.2096e-10, -2.2096e-10, -2.2096e-10,
         -2.2096e-10, -2.2096e-10, -2.2096e-10, -2.2096e-10, -2.2096e-10,
         -2.2096e-10],
        [-2.2096e-10, -2.2096e-10, -2.2096e-10, -2.2096e-10, -2.2096e-10,
         -2.2096e-10, -2.2096e-10, -2.2096e-10, -2.2096e-10, -2.2096e-10,
         -2.2096e-10, -2.2096e-10, -2.2096e-10, -2.2096e-10, -2.2096e-10,
         -2.2096e-10, -2.2096e-10, -2.2096e-10, -2.2096e-10, -2.2096e-10,
         -2.2096e-10],
        [-2.2096e-10, -2.2096e-10, -2.2096e-10, -2.2096e-10, -2.2096e-10,
         -2.2096e-10, -2.2096e-10, -2.2096e-10, -2.2096e-10, -2.2096e-10,
         -2.2096e-10, -2.2096e-10, -2.2096e-10, -2.2096e-10, -2.2096e-10,
         -2.2096e-10, -2.2096e-10, -2.2096e-10, -2.2096e-10, -2.2096e-10,
         -2.2096e-10],
        [-2.2096e-10, -2.2096e-10, -2.2096e-10, -2.2096e-10, -2.2096e-10,
         -2.2096e-10, -2.2096e-10, -2.2096e-10, -2.2096e-10, -2.2096e-10,
         -2.2096e-10, -2.2096e-10, -2.2096e-10, -2.2096e-10, -2.2096e-10,
         -2.2096e-10, -2.2096e-10, -2.2096e-10, -2.2096e-10, -2.2096e-10,
         -2.2096e-10],
        [-2.2096e-10, -2.2096e-10, -2.2096e-10, -2.2096e-10, -2.2096e-10,
         -2.2096e-10, -2.2096e-10, -2.2096e-10, -2.2096e-10, -2.2096e-10,
         -2.2096e-10, -2.2096e-10, -2.2096e-10, -2.2096e-10, -2.2096e-10,
         -2.2096e-10, -2.2096e-10, -2.2096e-10, -2.2096e-10, -2.2096e-10,
         -2.2096e-10],
        [-2.2096e-10, -2.2096e-10, -2.2096e-10, -2.2096e-10, -2.2096e-10,
         -2.2096e-10, -2.2096e-10, -2.2096e-10, -2.2096e-10, -2.2096e-10,
         -2.2096e-10, -2.2096e-10, -2.2096e-10, -2.2096e-10, -2.2096e-10,
         -2.2096e-10, -2.2096e-10, -2.2096e-10, -2.2096e-10, -2.2096e-10,
         -2.2096e-10],
        [-2.2096e-10, -2.2096e-10, -2.2096e-10, -2.2096e-10, -2.2096e-10,
         -2.2096e-10, -2.2096e-10, -2.2096e-10, -2.2096e-10, -2.2096e-10,
         -2.2096e-10, -2.2096e-10, -2.2096e-10, -2.2096e-10, -2.2096e-10,
         -2.2096e-10, -2.2096e-10, -2.2096e-10, -2.2096e-10, -2.2096e-10,
         -2.2096e-10],
        [-2.2096e-10, -2.2096e-10, -2.2096e-10, -2.2096e-10, -2.2096e-10,
         -2.2096e-10, -2.2096e-10, -2.2096e-10, -2.2096e-10, -2.2096e-10,
         -2.2096e-10, -2.2096e-10, -2.2096e-10, -2.2096e-10, -2.2096e-10,
         -2.2096e-10, -2.2096e-10, -2.2096e-10, -2.2096e-10, -2.2096e-10,
         -2.2096e-10],
        [-2.2096e-10, -2.2096e-10, -2.2096e-10, -2.2096e-10, -2.2096e-10,
         -2.2096e-10, -2.2096e-10, -2.2096e-10, -2.2096e-10, -2.2096e-10,
         -2.2096e-10, -2.2096e-10, -2.2096e-10, -2.2096e-10, -2.2096e-10,
         -2.2096e-10, -2.2096e-10, -2.2096e-10, -2.2096e-10, -2.2096e-10,
         -2.2096e-10],
        [-2.2096e-10, -2.2096e-10, -2.2096e-10, -2.2096e-10, -2.2096e-10,
         -2.2096e-10, -2.2096e-10, -2.2096e-10, -2.2096e-10, -2.2096e-10,
         -2.2096e-10, -2.2096e-10, -2.2096e-10, -2.2096e-10, -2.2096e-10,
         -2.2096e-10, -2.2096e-10, -2.2096e-10, -2.2096e-10, -2.2096e-10,
         -2.2096e-10],
        [-2.2096e-10, -2.2096e-10, -2.2096e-10, -2.2096e-10, -2.2096e-10,
         -2.2096e-10, -2.2096e-10, -2.2096e-10, -2.2096e-10, -2.2096e-10,
         -2.2096e-10, -2.2096e-10, -2.2096e-10, -2.2096e-10, -2.2096e-10,
         -2.2096e-10, -2.2096e-10, -2.2096e-10, -2.2096e-10, -2.2096e-10,
         -2.2096e-10],
        [-2.2096e-10, -2.2096e-10, -2.2096e-10, -2.2096e-10, -2.2096e-10,
         -2.2096e-10, -2.2096e-10, -2.2096e-10, -2.2096e-10, -2.2096e-10,
         -2.2096e-10, -2.2096e-10, -2.2096e-10, -2.2096e-10, -2.2096e-10,
         -2.2096e-10, -2.2096e-10, -2.2096e-10, -2.2096e-10, -2.2096e-10,
         -2.2096e-10],
        [-2.2096e-10, -2.2096e-10, -2.2096e-10, -2.2096e-10, -2.2096e-10,
         -2.2096e-10, -2.2096e-10, -2.2096e-10, -2.2096e-10, -2.2096e-10,
         -2.2096e-10, -2.2096e-10, -2.2096e-10, -2.2096e-10, -2.2096e-10,
         -2.2096e-10, -2.2096e-10, -2.2096e-10, -2.2096e-10, -2.2096e-10,
         -2.2096e-10],
        [-2.2096e-10, -2.2096e-10, -2.2096e-10, -2.2096e-10, -2.2096e-10,
         -2.2096e-10, -2.2096e-10, -2.2096e-10, -2.2096e-10, -2.2096e-10,
         -2.2096e-10, -2.2096e-10, -2.2096e-10, -2.2096e-10, -2.2096e-10,
         -2.2096e-10, -2.2096e-10, -2.2096e-10, -2.2096e-10, -2.2096e-10,
         -2.2096e-10],
        [-2.2096e-10, -2.2096e-10, -2.2096e-10, -2.2096e-10, -2.2096e-10,
         -2.2096e-10, -2.2096e-10, -2.2096e-10, -2.2096e-10, -2.2096e-10,
         -2.2096e-10, -2.2096e-10, -2.2096e-10, -2.2096e-10, -2.2096e-10,
         -2.2096e-10, -2.2096e-10, -2.2096e-10, -2.2096e-10, -2.2096e-10,
         -2.2096e-10]])
tensor([-2.2096e-10, -2.2096e-10, -2.2096e-10, -2.2096e-10, -2.2096e-10,
        -2.2096e-10, -2.2096e-10, -2.2096e-10, -2.2096e-10, -2.2096e-10,
        -2.2096e-10, -2.2096e-10, -2.2096e-10, -2.2096e-10, -2.2096e-10,
        -2.2096e-10, -2.2096e-10, -2.2096e-10, -2.2096e-10, -2.2096e-10,
        -2.2096e-10])
[Layer 8]
tensor([[-0.0005, -0.0005, -0.0005, -0.0005, -0.0005, -0.0005, -0.0005, -0.0005,
         -0.0005, -0.0005, -0.0005, -0.0005, -0.0005, -0.0005, -0.0005, -0.0005,
         -0.0005, -0.0005, -0.0005, -0.0005, -0.0005],
        [-0.0005, -0.0005, -0.0005, -0.0005, -0.0005, -0.0005, -0.0005, -0.0005,
         -0.0005, -0.0005, -0.0005, -0.0005, -0.0005, -0.0005, -0.0005, -0.0005,
         -0.0005, -0.0005, -0.0005, -0.0005, -0.0005],
        [-0.0005, -0.0005, -0.0005, -0.0005, -0.0005, -0.0005, -0.0005, -0.0005,
         -0.0005, -0.0005, -0.0005, -0.0005, -0.0005, -0.0005, -0.0005, -0.0005,
         -0.0005, -0.0005, -0.0005, -0.0005, -0.0005],
        [-0.0005, -0.0005, -0.0005, -0.0005, -0.0005, -0.0005, -0.0005, -0.0005,
         -0.0005, -0.0005, -0.0005, -0.0005, -0.0005, -0.0005, -0.0005, -0.0005,
         -0.0005, -0.0005, -0.0005, -0.0005, -0.0005],
        [-0.0005, -0.0005, -0.0005, -0.0005, -0.0005, -0.0005, -0.0005, -0.0005,
         -0.0005, -0.0005, -0.0005, -0.0005, -0.0005, -0.0005, -0.0005, -0.0005,
         -0.0005, -0.0005, -0.0005, -0.0005, -0.0005],
        [-0.0005, -0.0005, -0.0005, -0.0005, -0.0005, -0.0005, -0.0005, -0.0005,
         -0.0005, -0.0005, -0.0005, -0.0005, -0.0005, -0.0005, -0.0005, -0.0005,
         -0.0005, -0.0005, -0.0005, -0.0005, -0.0005],
        [-0.0005, -0.0005, -0.0005, -0.0005, -0.0005, -0.0005, -0.0005, -0.0005,
         -0.0005, -0.0005, -0.0005, -0.0005, -0.0005, -0.0005, -0.0005, -0.0005,
         -0.0005, -0.0005, -0.0005, -0.0005, -0.0005],
        [-0.0005, -0.0005, -0.0005, -0.0005, -0.0005, -0.0005, -0.0005, -0.0005,
         -0.0005, -0.0005, -0.0005, -0.0005, -0.0005, -0.0005, -0.0005, -0.0005,
         -0.0005, -0.0005, -0.0005, -0.0005, -0.0005],
        [-0.0005, -0.0005, -0.0005, -0.0005, -0.0005, -0.0005, -0.0005, -0.0005,
         -0.0005, -0.0005, -0.0005, -0.0005, -0.0005, -0.0005, -0.0005, -0.0005,
         -0.0005, -0.0005, -0.0005, -0.0005, -0.0005],
        [-0.0005, -0.0005, -0.0005, -0.0005, -0.0005, -0.0005, -0.0005, -0.0005,
         -0.0005, -0.0005, -0.0005, -0.0005, -0.0005, -0.0005, -0.0005, -0.0005,
         -0.0005, -0.0005, -0.0005, -0.0005, -0.0005],
        [-0.0005, -0.0005, -0.0005, -0.0005, -0.0005, -0.0005, -0.0005, -0.0005,
         -0.0005, -0.0005, -0.0005, -0.0005, -0.0005, -0.0005, -0.0005, -0.0005,
         -0.0005, -0.0005, -0.0005, -0.0005, -0.0005],
        [-0.0005, -0.0005, -0.0005, -0.0005, -0.0005, -0.0005, -0.0005, -0.0005,
         -0.0005, -0.0005, -0.0005, -0.0005, -0.0005, -0.0005, -0.0005, -0.0005,
         -0.0005, -0.0005, -0.0005, -0.0005, -0.0005],
        [-0.0005, -0.0005, -0.0005, -0.0005, -0.0005, -0.0005, -0.0005, -0.0005,
         -0.0005, -0.0005, -0.0005, -0.0005, -0.0005, -0.0005, -0.0005, -0.0005,
         -0.0005, -0.0005, -0.0005, -0.0005, -0.0005],
        [-0.0005, -0.0005, -0.0005, -0.0005, -0.0005, -0.0005, -0.0005, -0.0005,
         -0.0005, -0.0005, -0.0005, -0.0005, -0.0005, -0.0005, -0.0005, -0.0005,
         -0.0005, -0.0005, -0.0005, -0.0005, -0.0005],
        [-0.0005, -0.0005, -0.0005, -0.0005, -0.0005, -0.0005, -0.0005, -0.0005,
         -0.0005, -0.0005, -0.0005, -0.0005, -0.0005, -0.0005, -0.0005, -0.0005,
         -0.0005, -0.0005, -0.0005, -0.0005, -0.0005],
        [-0.0005, -0.0005, -0.0005, -0.0005, -0.0005, -0.0005, -0.0005, -0.0005,
         -0.0005, -0.0005, -0.0005, -0.0005, -0.0005, -0.0005, -0.0005, -0.0005,
         -0.0005, -0.0005, -0.0005, -0.0005, -0.0005],
        [-0.0005, -0.0005, -0.0005, -0.0005, -0.0005, -0.0005, -0.0005, -0.0005,
         -0.0005, -0.0005, -0.0005, -0.0005, -0.0005, -0.0005, -0.0005, -0.0005,
         -0.0005, -0.0005, -0.0005, -0.0005, -0.0005],
        [-0.0005, -0.0005, -0.0005, -0.0005, -0.0005, -0.0005, -0.0005, -0.0005,
         -0.0005, -0.0005, -0.0005, -0.0005, -0.0005, -0.0005, -0.0005, -0.0005,
         -0.0005, -0.0005, -0.0005, -0.0005, -0.0005],
        [-0.0005, -0.0005, -0.0005, -0.0005, -0.0005, -0.0005, -0.0005, -0.0005,
         -0.0005, -0.0005, -0.0005, -0.0005, -0.0005, -0.0005, -0.0005, -0.0005,
         -0.0005, -0.0005, -0.0005, -0.0005, -0.0005],
        [-0.0005, -0.0005, -0.0005, -0.0005, -0.0005, -0.0005, -0.0005, -0.0005,
         -0.0005, -0.0005, -0.0005, -0.0005, -0.0005, -0.0005, -0.0005, -0.0005,
         -0.0005, -0.0005, -0.0005, -0.0005, -0.0005],
        [-0.0005, -0.0005, -0.0005, -0.0005, -0.0005, -0.0005, -0.0005, -0.0005,
         -0.0005, -0.0005, -0.0005, -0.0005, -0.0005, -0.0005, -0.0005, -0.0005,
         -0.0005, -0.0005, -0.0005, -0.0005, -0.0005]])
tensor([-0.0005, -0.0005, -0.0005, -0.0005, -0.0005, -0.0005, -0.0005, -0.0005,
        -0.0005, -0.0005, -0.0005, -0.0005, -0.0005, -0.0005, -0.0005, -0.0005,
        -0.0005, -0.0005, -0.0005, -0.0005, -0.0005])
[Layer 9]
tensor([[1.5070],
        [1.5070],
        [1.5070],
        [1.5070],
        [1.5070],
        [1.5070],
        [1.5070],
        [1.5070],
        [1.5070],
        [1.5070],
        [1.5070],
        [1.5070],
        [1.5070],
        [1.5070],
        [1.5070],
        [1.5070],
        [1.5070],
        [1.5070],
        [1.5070],
        [1.5070],
        [1.5070]])
tensor(1.5070)
