[Layer 0]
tensor([[0., 0., 0., 0., 0., 0., 0., 0., 0., 0., 0., 0., 0., 0., 0., 0., 0., 0., 0., 0., 0.],
        [0., 0., 0., 0., 0., 0., 0., 0., 0., 0., 0., 0., 0., 0., 0., 0., 0., 0., 0., 0., 0.],
        [0., 0., 0., 0., 0., 0., 0., 0., 0., 0., 0., 0., 0., 0., 0., 0., 0., 0., 0., 0., 0.],
        [0., 0., 0., 0., 0., 0., 0., 0., 0., 0., 0., 0., 0., 0., 0., 0., 0., 0., 0., 0., 0.],
        [0., 0., 0., 0., 0., 0., 0., 0., 0., 0., 0., 0., 0., 0., 0., 0., 0., 0., 0., 0., 0.],
        [0., 0., 0., 0., 0., 0., 0., 0., 0., 0., 0., 0., 0., 0., 0., 0., 0., 0., 0., 0., 0.],
        [0., 0., 0., 0., 0., 0., 0., 0., 0., 0., 0., 0., 0., 0., 0., 0., 0., 0., 0., 0., 0.],
        [0., 0., 0., 0., 0., 0., 0., 0., 0., 0., 0., 0., 0., 0., 0., 0., 0., 0., 0., 0., 0.],
        [0., 0., 0., 0., 0., 0., 0., 0., 0., 0., 0., 0., 0., 0., 0., 0., 0., 0., 0., 0., 0.],
        [0., 0., 0., 0., 0., 0., 0., 0., 0., 0., 0., 0., 0., 0., 0., 0., 0., 0., 0., 0., 0.]])
tensor([0., 0., 0., 0., 0., 0., 0., 0., 0., 0., 0., 0., 0., 0., 0., 0., 0., 0., 0., 0., 0.])
[Layer 1]
tensor([[0., 0., 0., 0., 0., 0., 0., 0., 0., 0., 0., 0., 0., 0., 0., 0., 0., 0., 0., 0., 0.],
        [0., 0., 0., 0., 0., 0., 0., 0., 0., 0., 0., 0., 0., 0., 0., 0., 0., 0., 0., 0., 0.],
        [0., 0., 0., 0., 0., 0., 0., 0., 0., 0., 0., 0., 0., 0., 0., 0., 0., 0., 0., 0., 0.],
        [0., 0., 0., 0., 0., 0., 0., 0., 0., 0., 0., 0., 0., 0., 0., 0., 0., 0., 0., 0., 0.],
        [0., 0., 0., 0., 0., 0., 0., 0., 0., 0., 0., 0., 0., 0., 0., 0., 0., 0., 0., 0., 0.],
        [0., 0., 0., 0., 0., 0., 0., 0., 0., 0., 0., 0., 0., 0., 0., 0., 0., 0., 0., 0., 0.],
        [0., 0., 0., 0., 0., 0., 0., 0., 0., 0., 0., 0., 0., 0., 0., 0., 0., 0., 0., 0., 0.],
        [0., 0., 0., 0., 0., 0., 0., 0., 0., 0., 0., 0., 0., 0., 0., 0., 0., 0., 0., 0., 0.],
        [0., 0., 0., 0., 0., 0., 0., 0., 0., 0., 0., 0., 0., 0., 0., 0., 0., 0., 0., 0., 0.],
        [0., 0., 0., 0., 0., 0., 0., 0., 0., 0., 0., 0., 0., 0., 0., 0., 0., 0., 0., 0., 0.],
        [0., 0., 0., 0., 0., 0., 0., 0., 0., 0., 0., 0., 0., 0., 0., 0., 0., 0., 0., 0., 0.],
        [0., 0., 0., 0., 0., 0., 0., 0., 0., 0., 0., 0., 0., 0., 0., 0., 0., 0., 0., 0., 0.],
        [0., 0., 0., 0., 0., 0., 0., 0., 0., 0., 0., 0., 0., 0., 0., 0., 0., 0., 0., 0., 0.],
        [0., 0., 0., 0., 0., 0., 0., 0., 0., 0., 0., 0., 0., 0., 0., 0., 0., 0., 0., 0., 0.],
        [0., 0., 0., 0., 0., 0., 0., 0., 0., 0., 0., 0., 0., 0., 0., 0., 0., 0., 0., 0., 0.],
        [0., 0., 0., 0., 0., 0., 0., 0., 0., 0., 0., 0., 0., 0., 0., 0., 0., 0., 0., 0., 0.],
        [0., 0., 0., 0., 0., 0., 0., 0., 0., 0., 0., 0., 0., 0., 0., 0., 0., 0., 0., 0., 0.],
        [0., 0., 0., 0., 0., 0., 0., 0., 0., 0., 0., 0., 0., 0., 0., 0., 0., 0., 0., 0., 0.],
        [0., 0., 0., 0., 0., 0., 0., 0., 0., 0., 0., 0., 0., 0., 0., 0., 0., 0., 0., 0., 0.],
        [0., 0., 0., 0., 0., 0., 0., 0., 0., 0., 0., 0., 0., 0., 0., 0., 0., 0., 0., 0., 0.],
        [0., 0., 0., 0., 0., 0., 0., 0., 0., 0., 0., 0., 0., 0., 0., 0., 0., 0., 0., 0., 0.]])
tensor([0., 0., 0., 0., 0., 0., 0., 0., 0., 0., 0., 0., 0., 0., 0., 0., 0., 0., 0., 0., 0.])
[Layer 2]
tensor([[0., 0., 0., 0., 0., 0., 0., 0., 0., 0., 0., 0., 0., 0., 0., 0., 0., 0., 0., 0., 0.],
        [0., 0., 0., 0., 0., 0., 0., 0., 0., 0., 0., 0., 0., 0., 0., 0., 0., 0., 0., 0., 0.],
        [0., 0., 0., 0., 0., 0., 0., 0., 0., 0., 0., 0., 0., 0., 0., 0., 0., 0., 0., 0., 0.],
        [0., 0., 0., 0., 0., 0., 0., 0., 0., 0., 0., 0., 0., 0., 0., 0., 0., 0., 0., 0., 0.],
        [0., 0., 0., 0., 0., 0., 0., 0., 0., 0., 0., 0., 0., 0., 0., 0., 0., 0., 0., 0., 0.],
        [0., 0., 0., 0., 0., 0., 0., 0., 0., 0., 0., 0., 0., 0., 0., 0., 0., 0., 0., 0., 0.],
        [0., 0., 0., 0., 0., 0., 0., 0., 0., 0., 0., 0., 0., 0., 0., 0., 0., 0., 0., 0., 0.],
        [0., 0., 0., 0., 0., 0., 0., 0., 0., 0., 0., 0., 0., 0., 0., 0., 0., 0., 0., 0., 0.],
        [0., 0., 0., 0., 0., 0., 0., 0., 0., 0., 0., 0., 0., 0., 0., 0., 0., 0., 0., 0., 0.],
        [0., 0., 0., 0., 0., 0., 0., 0., 0., 0., 0., 0., 0., 0., 0., 0., 0., 0., 0., 0., 0.],
        [0., 0., 0., 0., 0., 0., 0., 0., 0., 0., 0., 0., 0., 0., 0., 0., 0., 0., 0., 0., 0.],
        [0., 0., 0., 0., 0., 0., 0., 0., 0., 0., 0., 0., 0., 0., 0., 0., 0., 0., 0., 0., 0.],
        [0., 0., 0., 0., 0., 0., 0., 0., 0., 0., 0., 0., 0., 0., 0., 0., 0., 0., 0., 0., 0.],
        [0., 0., 0., 0., 0., 0., 0., 0., 0., 0., 0., 0., 0., 0., 0., 0., 0., 0., 0., 0., 0.],
        [0., 0., 0., 0., 0., 0., 0., 0., 0., 0., 0., 0., 0., 0., 0., 0., 0., 0., 0., 0., 0.],
        [0., 0., 0., 0., 0., 0., 0., 0., 0., 0., 0., 0., 0., 0., 0., 0., 0., 0., 0., 0., 0.],
        [0., 0., 0., 0., 0., 0., 0., 0., 0., 0., 0., 0., 0., 0., 0., 0., 0., 0., 0., 0., 0.],
        [0., 0., 0., 0., 0., 0., 0., 0., 0., 0., 0., 0., 0., 0., 0., 0., 0., 0., 0., 0., 0.],
        [0., 0., 0., 0., 0., 0., 0., 0., 0., 0., 0., 0., 0., 0., 0., 0., 0., 0., 0., 0., 0.],
        [0., 0., 0., 0., 0., 0., 0., 0., 0., 0., 0., 0., 0., 0., 0., 0., 0., 0., 0., 0., 0.],
        [0., 0., 0., 0., 0., 0., 0., 0., 0., 0., 0., 0., 0., 0., 0., 0., 0., 0., 0., 0., 0.]])
tensor([0., 0., 0., 0., 0., 0., 0., 0., 0., 0., 0., 0., 0., 0., 0., 0., 0., 0., 0., 0., 0.])
[Layer 3]
tensor([[0., 0., 0., 0., 0., 0., 0., 0., 0., 0., 0., 0., 0., 0., 0., 0., 0., 0., 0., 0., 0.],
        [0., 0., 0., 0., 0., 0., 0., 0., 0., 0., 0., 0., 0., 0., 0., 0., 0., 0., 0., 0., 0.],
        [0., 0., 0., 0., 0., 0., 0., 0., 0., 0., 0., 0., 0., 0., 0., 0., 0., 0., 0., 0., 0.],
        [0., 0., 0., 0., 0., 0., 0., 0., 0., 0., 0., 0., 0., 0., 0., 0., 0., 0., 0., 0., 0.],
        [0., 0., 0., 0., 0., 0., 0., 0., 0., 0., 0., 0., 0., 0., 0., 0., 0., 0., 0., 0., 0.],
        [0., 0., 0., 0., 0., 0., 0., 0., 0., 0., 0., 0., 0., 0., 0., 0., 0., 0., 0., 0., 0.],
        [0., 0., 0., 0., 0., 0., 0., 0., 0., 0., 0., 0., 0., 0., 0., 0., 0., 0., 0., 0., 0.],
        [0., 0., 0., 0., 0., 0., 0., 0., 0., 0., 0., 0., 0., 0., 0., 0., 0., 0., 0., 0., 0.],
        [0., 0., 0., 0., 0., 0., 0., 0., 0., 0., 0., 0., 0., 0., 0., 0., 0., 0., 0., 0., 0.],
        [0., 0., 0., 0., 0., 0., 0., 0., 0., 0., 0., 0., 0., 0., 0., 0., 0., 0., 0., 0., 0.],
        [0., 0., 0., 0., 0., 0., 0., 0., 0., 0., 0., 0., 0., 0., 0., 0., 0., 0., 0., 0., 0.],
        [0., 0., 0., 0., 0., 0., 0., 0., 0., 0., 0., 0., 0., 0., 0., 0., 0., 0., 0., 0., 0.],
        [0., 0., 0., 0., 0., 0., 0., 0., 0., 0., 0., 0., 0., 0., 0., 0., 0., 0., 0., 0., 0.],
        [0., 0., 0., 0., 0., 0., 0., 0., 0., 0., 0., 0., 0., 0., 0., 0., 0., 0., 0., 0., 0.],
        [0., 0., 0., 0., 0., 0., 0., 0., 0., 0., 0., 0., 0., 0., 0., 0., 0., 0., 0., 0., 0.],
        [0., 0., 0., 0., 0., 0., 0., 0., 0., 0., 0., 0., 0., 0., 0., 0., 0., 0., 0., 0., 0.],
        [0., 0., 0., 0., 0., 0., 0., 0., 0., 0., 0., 0., 0., 0., 0., 0., 0., 0., 0., 0., 0.],
        [0., 0., 0., 0., 0., 0., 0., 0., 0., 0., 0., 0., 0., 0., 0., 0., 0., 0., 0., 0., 0.],
        [0., 0., 0., 0., 0., 0., 0., 0., 0., 0., 0., 0., 0., 0., 0., 0., 0., 0., 0., 0., 0.],
        [0., 0., 0., 0., 0., 0., 0., 0., 0., 0., 0., 0., 0., 0., 0., 0., 0., 0., 0., 0., 0.],
        [0., 0., 0., 0., 0., 0., 0., 0., 0., 0., 0., 0., 0., 0., 0., 0., 0., 0., 0., 0., 0.]])
tensor([0., 0., 0., 0., 0., 0., 0., 0., 0., 0., 0., 0., 0., 0., 0., 0., 0., 0., 0., 0., 0.])
[Layer 4]
tensor([[0., 0., 0., 0., 0., 0., 0., 0., 0., 0., 0., 0., 0., 0., 0., 0., 0., 0., 0., 0., 0.],
        [0., 0., 0., 0., 0., 0., 0., 0., 0., 0., 0., 0., 0., 0., 0., 0., 0., 0., 0., 0., 0.],
        [0., 0., 0., 0., 0., 0., 0., 0., 0., 0., 0., 0., 0., 0., 0., 0., 0., 0., 0., 0., 0.],
        [0., 0., 0., 0., 0., 0., 0., 0., 0., 0., 0., 0., 0., 0., 0., 0., 0., 0., 0., 0., 0.],
        [0., 0., 0., 0., 0., 0., 0., 0., 0., 0., 0., 0., 0., 0., 0., 0., 0., 0., 0., 0., 0.],
        [0., 0., 0., 0., 0., 0., 0., 0., 0., 0., 0., 0., 0., 0., 0., 0., 0., 0., 0., 0., 0.],
        [0., 0., 0., 0., 0., 0., 0., 0., 0., 0., 0., 0., 0., 0., 0., 0., 0., 0., 0., 0., 0.],
        [0., 0., 0., 0., 0., 0., 0., 0., 0., 0., 0., 0., 0., 0., 0., 0., 0., 0., 0., 0., 0.],
        [0., 0., 0., 0., 0., 0., 0., 0., 0., 0., 0., 0., 0., 0., 0., 0., 0., 0., 0., 0., 0.],
        [0., 0., 0., 0., 0., 0., 0., 0., 0., 0., 0., 0., 0., 0., 0., 0., 0., 0., 0., 0., 0.],
        [0., 0., 0., 0., 0., 0., 0., 0., 0., 0., 0., 0., 0., 0., 0., 0., 0., 0., 0., 0., 0.],
        [0., 0., 0., 0., 0., 0., 0., 0., 0., 0., 0., 0., 0., 0., 0., 0., 0., 0., 0., 0., 0.],
        [0., 0., 0., 0., 0., 0., 0., 0., 0., 0., 0., 0., 0., 0., 0., 0., 0., 0., 0., 0., 0.],
        [0., 0., 0., 0., 0., 0., 0., 0., 0., 0., 0., 0., 0., 0., 0., 0., 0., 0., 0., 0., 0.],
        [0., 0., 0., 0., 0., 0., 0., 0., 0., 0., 0., 0., 0., 0., 0., 0., 0., 0., 0., 0., 0.],
        [0., 0., 0., 0., 0., 0., 0., 0., 0., 0., 0., 0., 0., 0., 0., 0., 0., 0., 0., 0., 0.],
        [0., 0., 0., 0., 0., 0., 0., 0., 0., 0., 0., 0., 0., 0., 0., 0., 0., 0., 0., 0., 0.],
        [0., 0., 0., 0., 0., 0., 0., 0., 0., 0., 0., 0., 0., 0., 0., 0., 0., 0., 0., 0., 0.],
        [0., 0., 0., 0., 0., 0., 0., 0., 0., 0., 0., 0., 0., 0., 0., 0., 0., 0., 0., 0., 0.],
        [0., 0., 0., 0., 0., 0., 0., 0., 0., 0., 0., 0., 0., 0., 0., 0., 0., 0., 0., 0., 0.],
        [0., 0., 0., 0., 0., 0., 0., 0., 0., 0., 0., 0., 0., 0., 0., 0., 0., 0., 0., 0., 0.]])
tensor([0., 0., 0., 0., 0., 0., 0., 0., 0., 0., 0., 0., 0., 0., 0., 0., 0., 0., 0., 0., 0.])
[Layer 5]
tensor([[-2.0818e-38, -2.0818e-38, -2.0818e-38, -2.0818e-38, -2.0818e-38,
         -2.0818e-38, -2.0818e-38, -2.0818e-38, -2.0818e-38, -2.0818e-38,
         -2.0818e-38, -2.0818e-38, -2.0818e-38, -2.0818e-38, -2.0818e-38,
         -2.0818e-38, -2.0818e-38, -2.0818e-38, -2.0818e-38, -2.0818e-38,
         -2.0818e-38],
        [-2.0818e-38, -2.0818e-38, -2.0818e-38, -2.0818e-38, -2.0818e-38,
         -2.0818e-38, -2.0818e-38, -2.0818e-38, -2.0818e-38, -2.0818e-38,
         -2.0818e-38, -2.0818e-38, -2.0818e-38, -2.0818e-38, -2.0818e-38,
         -2.0818e-38, -2.0818e-38, -2.0818e-38, -2.0818e-38, -2.0818e-38,
         -2.0818e-38],
        [-2.0818e-38, -2.0818e-38, -2.0818e-38, -2.0818e-38, -2.0818e-38,
         -2.0818e-38, -2.0818e-38, -2.0818e-38, -2.0818e-38, -2.0818e-38,
         -2.0818e-38, -2.0818e-38, -2.0818e-38, -2.0818e-38, -2.0818e-38,
         -2.0818e-38, -2.0818e-38, -2.0818e-38, -2.0818e-38, -2.0818e-38,
         -2.0818e-38],
        [-2.0818e-38, -2.0818e-38, -2.0818e-38, -2.0818e-38, -2.0818e-38,
         -2.0818e-38, -2.0818e-38, -2.0818e-38, -2.0818e-38, -2.0818e-38,
         -2.0818e-38, -2.0818e-38, -2.0818e-38, -2.0818e-38, -2.0818e-38,
         -2.0818e-38, -2.0818e-38, -2.0818e-38, -2.0818e-38, -2.0818e-38,
         -2.0818e-38],
        [-2.0818e-38, -2.0818e-38, -2.0818e-38, -2.0818e-38, -2.0818e-38,
         -2.0818e-38, -2.0818e-38, -2.0818e-38, -2.0818e-38, -2.0818e-38,
         -2.0818e-38, -2.0818e-38, -2.0818e-38, -2.0818e-38, -2.0818e-38,
         -2.0818e-38, -2.0818e-38, -2.0818e-38, -2.0818e-38, -2.0818e-38,
         -2.0818e-38],
        [-2.0818e-38, -2.0818e-38, -2.0818e-38, -2.0818e-38, -2.0818e-38,
         -2.0818e-38, -2.0818e-38, -2.0818e-38, -2.0818e-38, -2.0818e-38,
         -2.0818e-38, -2.0818e-38, -2.0818e-38, -2.0818e-38, -2.0818e-38,
         -2.0818e-38, -2.0818e-38, -2.0818e-38, -2.0818e-38, -2.0818e-38,
         -2.0818e-38],
        [-2.0818e-38, -2.0818e-38, -2.0818e-38, -2.0818e-38, -2.0818e-38,
         -2.0818e-38, -2.0818e-38, -2.0818e-38, -2.0818e-38, -2.0818e-38,
         -2.0818e-38, -2.0818e-38, -2.0818e-38, -2.0818e-38, -2.0818e-38,
         -2.0818e-38, -2.0818e-38, -2.0818e-38, -2.0818e-38, -2.0818e-38,
         -2.0818e-38],
        [-2.0818e-38, -2.0818e-38, -2.0818e-38, -2.0818e-38, -2.0818e-38,
         -2.0818e-38, -2.0818e-38, -2.0818e-38, -2.0818e-38, -2.0818e-38,
         -2.0818e-38, -2.0818e-38, -2.0818e-38, -2.0818e-38, -2.0818e-38,
         -2.0818e-38, -2.0818e-38, -2.0818e-38, -2.0818e-38, -2.0818e-38,
         -2.0818e-38],
        [-2.0818e-38, -2.0818e-38, -2.0818e-38, -2.0818e-38, -2.0818e-38,
         -2.0818e-38, -2.0818e-38, -2.0818e-38, -2.0818e-38, -2.0818e-38,
         -2.0818e-38, -2.0818e-38, -2.0818e-38, -2.0818e-38, -2.0818e-38,
         -2.0818e-38, -2.0818e-38, -2.0818e-38, -2.0818e-38, -2.0818e-38,
         -2.0818e-38],
        [-2.0818e-38, -2.0818e-38, -2.0818e-38, -2.0818e-38, -2.0818e-38,
         -2.0818e-38, -2.0818e-38, -2.0818e-38, -2.0818e-38, -2.0818e-38,
         -2.0818e-38, -2.0818e-38, -2.0818e-38, -2.0818e-38, -2.0818e-38,
         -2.0818e-38, -2.0818e-38, -2.0818e-38, -2.0818e-38, -2.0818e-38,
         -2.0818e-38],
        [-2.0818e-38, -2.0818e-38, -2.0818e-38, -2.0818e-38, -2.0818e-38,
         -2.0818e-38, -2.0818e-38, -2.0818e-38, -2.0818e-38, -2.0818e-38,
         -2.0818e-38, -2.0818e-38, -2.0818e-38, -2.0818e-38, -2.0818e-38,
         -2.0818e-38, -2.0818e-38, -2.0818e-38, -2.0818e-38, -2.0818e-38,
         -2.0818e-38],
        [-2.0818e-38, -2.0818e-38, -2.0818e-38, -2.0818e-38, -2.0818e-38,
         -2.0818e-38, -2.0818e-38, -2.0818e-38, -2.0818e-38, -2.0818e-38,
         -2.0818e-38, -2.0818e-38, -2.0818e-38, -2.0818e-38, -2.0818e-38,
         -2.0818e-38, -2.0818e-38, -2.0818e-38, -2.0818e-38, -2.0818e-38,
         -2.0818e-38],
        [-2.0818e-38, -2.0818e-38, -2.0818e-38, -2.0818e-38, -2.0818e-38,
         -2.0818e-38, -2.0818e-38, -2.0818e-38, -2.0818e-38, -2.0818e-38,
         -2.0818e-38, -2.0818e-38, -2.0818e-38, -2.0818e-38, -2.0818e-38,
         -2.0818e-38, -2.0818e-38, -2.0818e-38, -2.0818e-38, -2.0818e-38,
         -2.0818e-38],
        [-2.0818e-38, -2.0818e-38, -2.0818e-38, -2.0818e-38, -2.0818e-38,
         -2.0818e-38, -2.0818e-38, -2.0818e-38, -2.0818e-38, -2.0818e-38,
         -2.0818e-38, -2.0818e-38, -2.0818e-38, -2.0818e-38, -2.0818e-38,
         -2.0818e-38, -2.0818e-38, -2.0818e-38, -2.0818e-38, -2.0818e-38,
         -2.0818e-38],
        [-2.0818e-38, -2.0818e-38, -2.0818e-38, -2.0818e-38, -2.0818e-38,
         -2.0818e-38, -2.0818e-38, -2.0818e-38, -2.0818e-38, -2.0818e-38,
         -2.0818e-38, -2.0818e-38, -2.0818e-38, -2.0818e-38, -2.0818e-38,
         -2.0818e-38, -2.0818e-38, -2.0818e-38, -2.0818e-38, -2.0818e-38,
         -2.0818e-38],
        [-2.0818e-38, -2.0818e-38, -2.0818e-38, -2.0818e-38, -2.0818e-38,
         -2.0818e-38, -2.0818e-38, -2.0818e-38, -2.0818e-38, -2.0818e-38,
         -2.0818e-38, -2.0818e-38, -2.0818e-38, -2.0818e-38, -2.0818e-38,
         -2.0818e-38, -2.0818e-38, -2.0818e-38, -2.0818e-38, -2.0818e-38,
         -2.0818e-38],
        [-2.0818e-38, -2.0818e-38, -2.0818e-38, -2.0818e-38, -2.0818e-38,
         -2.0818e-38, -2.0818e-38, -2.0818e-38, -2.0818e-38, -2.0818e-38,
         -2.0818e-38, -2.0818e-38, -2.0818e-38, -2.0818e-38, -2.0818e-38,
         -2.0818e-38, -2.0818e-38, -2.0818e-38, -2.0818e-38, -2.0818e-38,
         -2.0818e-38],
        [-2.0818e-38, -2.0818e-38, -2.0818e-38, -2.0818e-38, -2.0818e-38,
         -2.0818e-38, -2.0818e-38, -2.0818e-38, -2.0818e-38, -2.0818e-38,
         -2.0818e-38, -2.0818e-38, -2.0818e-38, -2.0818e-38, -2.0818e-38,
         -2.0818e-38, -2.0818e-38, -2.0818e-38, -2.0818e-38, -2.0818e-38,
         -2.0818e-38],
        [-2.0818e-38, -2.0818e-38, -2.0818e-38, -2.0818e-38, -2.0818e-38,
         -2.0818e-38, -2.0818e-38, -2.0818e-38, -2.0818e-38, -2.0818e-38,
         -2.0818e-38, -2.0818e-38, -2.0818e-38, -2.0818e-38, -2.0818e-38,
         -2.0818e-38, -2.0818e-38, -2.0818e-38, -2.0818e-38, -2.0818e-38,
         -2.0818e-38],
        [-2.0818e-38, -2.0818e-38, -2.0818e-38, -2.0818e-38, -2.0818e-38,
         -2.0818e-38, -2.0818e-38, -2.0818e-38, -2.0818e-38, -2.0818e-38,
         -2.0818e-38, -2.0818e-38, -2.0818e-38, -2.0818e-38, -2.0818e-38,
         -2.0818e-38, -2.0818e-38, -2.0818e-38, -2.0818e-38, -2.0818e-38,
         -2.0818e-38],
        [-2.0818e-38, -2.0818e-38, -2.0818e-38, -2.0818e-38, -2.0818e-38,
         -2.0818e-38, -2.0818e-38, -2.0818e-38, -2.0818e-38, -2.0818e-38,
         -2.0818e-38, -2.0818e-38, -2.0818e-38, -2.0818e-38, -2.0818e-38,
         -2.0818e-38, -2.0818e-38, -2.0818e-38, -2.0818e-38, -2.0818e-38,
         -2.0818e-38]])
tensor([-2.0818e-38, -2.0818e-38, -2.0818e-38, -2.0818e-38, -2.0818e-38,
        -2.0818e-38, -2.0818e-38, -2.0818e-38, -2.0818e-38, -2.0818e-38,
        -2.0818e-38, -2.0818e-38, -2.0818e-38, -2.0818e-38, -2.0818e-38,
        -2.0818e-38, -2.0818e-38, -2.0818e-38, -2.0818e-38, -2.0818e-38,
        -2.0818e-38])
[Layer 6]
tensor([[-3.9810e-18, -3.9810e-18, -3.9810e-18, -3.9810e-18, -3.9810e-18,
         -3.9810e-18, -3.9810e-18, -3.9810e-18, -3.9810e-18, -3.9810e-18,
         -3.9810e-18, -3.9810e-18, -3.9810e-18, -3.9810e-18, -3.9810e-18,
         -3.9810e-18, -3.9810e-18, -3.9810e-18, -3.9810e-18, -3.9810e-18,
         -3.9810e-18],
        [-3.9810e-18, -3.9810e-18, -3.9810e-18, -3.9810e-18, -3.9810e-18,
         -3.9810e-18, -3.9810e-18, -3.9810e-18, -3.9810e-18, -3.9810e-18,
         -3.9810e-18, -3.9810e-18, -3.9810e-18, -3.9810e-18, -3.9810e-18,
         -3.9810e-18, -3.9810e-18, -3.9810e-18, -3.9810e-18, -3.9810e-18,
         -3.9810e-18],
        [-3.9810e-18, -3.9810e-18, -3.9810e-18, -3.9810e-18, -3.9810e-18,
         -3.9810e-18, -3.9810e-18, -3.9810e-18, -3.9810e-18, -3.9810e-18,
         -3.9810e-18, -3.9810e-18, -3.9810e-18, -3.9810e-18, -3.9810e-18,
         -3.9810e-18, -3.9810e-18, -3.9810e-18, -3.9810e-18, -3.9810e-18,
         -3.9810e-18],
        [-3.9810e-18, -3.9810e-18, -3.9810e-18, -3.9810e-18, -3.9810e-18,
         -3.9810e-18, -3.9810e-18, -3.9810e-18, -3.9810e-18, -3.9810e-18,
         -3.9810e-18, -3.9810e-18, -3.9810e-18, -3.9810e-18, -3.9810e-18,
         -3.9810e-18, -3.9810e-18, -3.9810e-18, -3.9810e-18, -3.9810e-18,
         -3.9810e-18],
        [-3.9810e-18, -3.9810e-18, -3.9810e-18, -3.9810e-18, -3.9810e-18,
         -3.9810e-18, -3.9810e-18, -3.9810e-18, -3.9810e-18, -3.9810e-18,
         -3.9810e-18, -3.9810e-18, -3.9810e-18, -3.9810e-18, -3.9810e-18,
         -3.9810e-18, -3.9810e-18, -3.9810e-18, -3.9810e-18, -3.9810e-18,
         -3.9810e-18],
        [-3.9810e-18, -3.9810e-18, -3.9810e-18, -3.9810e-18, -3.9810e-18,
         -3.9810e-18, -3.9810e-18, -3.9810e-18, -3.9810e-18, -3.9810e-18,
         -3.9810e-18, -3.9810e-18, -3.9810e-18, -3.9810e-18, -3.9810e-18,
         -3.9810e-18, -3.9810e-18, -3.9810e-18, -3.9810e-18, -3.9810e-18,
         -3.9810e-18],
        [-3.9810e-18, -3.9810e-18, -3.9810e-18, -3.9810e-18, -3.9810e-18,
         -3.9810e-18, -3.9810e-18, -3.9810e-18, -3.9810e-18, -3.9810e-18,
         -3.9810e-18, -3.9810e-18, -3.9810e-18, -3.9810e-18, -3.9810e-18,
         -3.9810e-18, -3.9810e-18, -3.9810e-18, -3.9810e-18, -3.9810e-18,
         -3.9810e-18],
        [-3.9810e-18, -3.9810e-18, -3.9810e-18, -3.9810e-18, -3.9810e-18,
         -3.9810e-18, -3.9810e-18, -3.9810e-18, -3.9810e-18, -3.9810e-18,
         -3.9810e-18, -3.9810e-18, -3.9810e-18, -3.9810e-18, -3.9810e-18,
         -3.9810e-18, -3.9810e-18, -3.9810e-18, -3.9810e-18, -3.9810e-18,
         -3.9810e-18],
        [-3.9810e-18, -3.9810e-18, -3.9810e-18, -3.9810e-18, -3.9810e-18,
         -3.9810e-18, -3.9810e-18, -3.9810e-18, -3.9810e-18, -3.9810e-18,
         -3.9810e-18, -3.9810e-18, -3.9810e-18, -3.9810e-18, -3.9810e-18,
         -3.9810e-18, -3.9810e-18, -3.9810e-18, -3.9810e-18, -3.9810e-18,
         -3.9810e-18],
        [-3.9810e-18, -3.9810e-18, -3.9810e-18, -3.9810e-18, -3.9810e-18,
         -3.9810e-18, -3.9810e-18, -3.9810e-18, -3.9810e-18, -3.9810e-18,
         -3.9810e-18, -3.9810e-18, -3.9810e-18, -3.9810e-18, -3.9810e-18,
         -3.9810e-18, -3.9810e-18, -3.9810e-18, -3.9810e-18, -3.9810e-18,
         -3.9810e-18],
        [-3.9810e-18, -3.9810e-18, -3.9810e-18, -3.9810e-18, -3.9810e-18,
         -3.9810e-18, -3.9810e-18, -3.9810e-18, -3.9810e-18, -3.9810e-18,
         -3.9810e-18, -3.9810e-18, -3.9810e-18, -3.9810e-18, -3.9810e-18,
         -3.9810e-18, -3.9810e-18, -3.9810e-18, -3.9810e-18, -3.9810e-18,
         -3.9810e-18],
        [-3.9810e-18, -3.9810e-18, -3.9810e-18, -3.9810e-18, -3.9810e-18,
         -3.9810e-18, -3.9810e-18, -3.9810e-18, -3.9810e-18, -3.9810e-18,
         -3.9810e-18, -3.9810e-18, -3.9810e-18, -3.9810e-18, -3.9810e-18,
         -3.9810e-18, -3.9810e-18, -3.9810e-18, -3.9810e-18, -3.9810e-18,
         -3.9810e-18],
        [-3.9810e-18, -3.9810e-18, -3.9810e-18, -3.9810e-18, -3.9810e-18,
         -3.9810e-18, -3.9810e-18, -3.9810e-18, -3.9810e-18, -3.9810e-18,
         -3.9810e-18, -3.9810e-18, -3.9810e-18, -3.9810e-18, -3.9810e-18,
         -3.9810e-18, -3.9810e-18, -3.9810e-18, -3.9810e-18, -3.9810e-18,
         -3.9810e-18],
        [-3.9810e-18, -3.9810e-18, -3.9810e-18, -3.9810e-18, -3.9810e-18,
         -3.9810e-18, -3.9810e-18, -3.9810e-18, -3.9810e-18, -3.9810e-18,
         -3.9810e-18, -3.9810e-18, -3.9810e-18, -3.9810e-18, -3.9810e-18,
         -3.9810e-18, -3.9810e-18, -3.9810e-18, -3.9810e-18, -3.9810e-18,
         -3.9810e-18],
        [-3.9810e-18, -3.9810e-18, -3.9810e-18, -3.9810e-18, -3.9810e-18,
         -3.9810e-18, -3.9810e-18, -3.9810e-18, -3.9810e-18, -3.9810e-18,
         -3.9810e-18, -3.9810e-18, -3.9810e-18, -3.9810e-18, -3.9810e-18,
         -3.9810e-18, -3.9810e-18, -3.9810e-18, -3.9810e-18, -3.9810e-18,
         -3.9810e-18],
        [-3.9810e-18, -3.9810e-18, -3.9810e-18, -3.9810e-18, -3.9810e-18,
         -3.9810e-18, -3.9810e-18, -3.9810e-18, -3.9810e-18, -3.9810e-18,
         -3.9810e-18, -3.9810e-18, -3.9810e-18, -3.9810e-18, -3.9810e-18,
         -3.9810e-18, -3.9810e-18, -3.9810e-18, -3.9810e-18, -3.9810e-18,
         -3.9810e-18],
        [-3.9810e-18, -3.9810e-18, -3.9810e-18, -3.9810e-18, -3.9810e-18,
         -3.9810e-18, -3.9810e-18, -3.9810e-18, -3.9810e-18, -3.9810e-18,
         -3.9810e-18, -3.9810e-18, -3.9810e-18, -3.9810e-18, -3.9810e-18,
         -3.9810e-18, -3.9810e-18, -3.9810e-18, -3.9810e-18, -3.9810e-18,
         -3.9810e-18],
        [-3.9810e-18, -3.9810e-18, -3.9810e-18, -3.9810e-18, -3.9810e-18,
         -3.9810e-18, -3.9810e-18, -3.9810e-18, -3.9810e-18, -3.9810e-18,
         -3.9810e-18, -3.9810e-18, -3.9810e-18, -3.9810e-18, -3.9810e-18,
         -3.9810e-18, -3.9810e-18, -3.9810e-18, -3.9810e-18, -3.9810e-18,
         -3.9810e-18],
        [-3.9810e-18, -3.9810e-18, -3.9810e-18, -3.9810e-18, -3.9810e-18,
         -3.9810e-18, -3.9810e-18, -3.9810e-18, -3.9810e-18, -3.9810e-18,
         -3.9810e-18, -3.9810e-18, -3.9810e-18, -3.9810e-18, -3.9810e-18,
         -3.9810e-18, -3.9810e-18, -3.9810e-18, -3.9810e-18, -3.9810e-18,
         -3.9810e-18],
        [-3.9810e-18, -3.9810e-18, -3.9810e-18, -3.9810e-18, -3.9810e-18,
         -3.9810e-18, -3.9810e-18, -3.9810e-18, -3.9810e-18, -3.9810e-18,
         -3.9810e-18, -3.9810e-18, -3.9810e-18, -3.9810e-18, -3.9810e-18,
         -3.9810e-18, -3.9810e-18, -3.9810e-18, -3.9810e-18, -3.9810e-18,
         -3.9810e-18],
        [-3.9810e-18, -3.9810e-18, -3.9810e-18, -3.9810e-18, -3.9810e-18,
         -3.9810e-18, -3.9810e-18, -3.9810e-18, -3.9810e-18, -3.9810e-18,
         -3.9810e-18, -3.9810e-18, -3.9810e-18, -3.9810e-18, -3.9810e-18,
         -3.9810e-18, -3.9810e-18, -3.9810e-18, -3.9810e-18, -3.9810e-18,
         -3.9810e-18]])
tensor([-3.9810e-18, -3.9810e-18, -3.9810e-18, -3.9810e-18, -3.9810e-18,
        -3.9810e-18, -3.9810e-18, -3.9810e-18, -3.9810e-18, -3.9810e-18,
        -3.9810e-18, -3.9810e-18, -3.9810e-18, -3.9810e-18, -3.9810e-18,
        -3.9810e-18, -3.9810e-18, -3.9810e-18, -3.9810e-18, -3.9810e-18,
        -3.9810e-18])
[Layer 7]
tensor([[-3.3144e-08, -3.3144e-08, -3.3144e-08, -3.3144e-08, -3.3144e-08,
         -3.3144e-08, -3.3144e-08, -3.3144e-08, -3.3144e-08, -3.3144e-08,
         -3.3144e-08, -3.3144e-08, -3.3144e-08, -3.3144e-08, -3.3144e-08,
         -3.3144e-08, -3.3144e-08, -3.3144e-08, -3.3144e-08, -3.3144e-08,
         -3.3144e-08],
        [-3.3144e-08, -3.3144e-08, -3.3144e-08, -3.3144e-08, -3.3144e-08,
         -3.3144e-08, -3.3144e-08, -3.3144e-08, -3.3144e-08, -3.3144e-08,
         -3.3144e-08, -3.3144e-08, -3.3144e-08, -3.3144e-08, -3.3144e-08,
         -3.3144e-08, -3.3144e-08, -3.3144e-08, -3.3144e-08, -3.3144e-08,
         -3.3144e-08],
        [-3.3144e-08, -3.3144e-08, -3.3144e-08, -3.3144e-08, -3.3144e-08,
         -3.3144e-08, -3.3144e-08, -3.3144e-08, -3.3144e-08, -3.3144e-08,
         -3.3144e-08, -3.3144e-08, -3.3144e-08, -3.3144e-08, -3.3144e-08,
         -3.3144e-08, -3.3144e-08, -3.3144e-08, -3.3144e-08, -3.3144e-08,
         -3.3144e-08],
        [-3.3144e-08, -3.3144e-08, -3.3144e-08, -3.3144e-08, -3.3144e-08,
         -3.3144e-08, -3.3144e-08, -3.3144e-08, -3.3144e-08, -3.3144e-08,
         -3.3144e-08, -3.3144e-08, -3.3144e-08, -3.3144e-08, -3.3144e-08,
         -3.3144e-08, -3.3144e-08, -3.3144e-08, -3.3144e-08, -3.3144e-08,
         -3.3144e-08],
        [-3.3144e-08, -3.3144e-08, -3.3144e-08, -3.3144e-08, -3.3144e-08,
         -3.3144e-08, -3.3144e-08, -3.3144e-08, -3.3144e-08, -3.3144e-08,
         -3.3144e-08, -3.3144e-08, -3.3144e-08, -3.3144e-08, -3.3144e-08,
         -3.3144e-08, -3.3144e-08, -3.3144e-08, -3.3144e-08, -3.3144e-08,
         -3.3144e-08],
        [-3.3144e-08, -3.3144e-08, -3.3144e-08, -3.3144e-08, -3.3144e-08,
         -3.3144e-08, -3.3144e-08, -3.3144e-08, -3.3144e-08, -3.3144e-08,
         -3.3144e-08, -3.3144e-08, -3.3144e-08, -3.3144e-08, -3.3144e-08,
         -3.3144e-08, -3.3144e-08, -3.3144e-08, -3.3144e-08, -3.3144e-08,
         -3.3144e-08],
        [-3.3144e-08, -3.3144e-08, -3.3144e-08, -3.3144e-08, -3.3144e-08,
         -3.3144e-08, -3.3144e-08, -3.3144e-08, -3.3144e-08, -3.3144e-08,
         -3.3144e-08, -3.3144e-08, -3.3144e-08, -3.3144e-08, -3.3144e-08,
         -3.3144e-08, -3.3144e-08, -3.3144e-08, -3.3144e-08, -3.3144e-08,
         -3.3144e-08],
        [-3.3144e-08, -3.3144e-08, -3.3144e-08, -3.3144e-08, -3.3144e-08,
         -3.3144e-08, -3.3144e-08, -3.3144e-08, -3.3144e-08, -3.3144e-08,
         -3.3144e-08, -3.3144e-08, -3.3144e-08, -3.3144e-08, -3.3144e-08,
         -3.3144e-08, -3.3144e-08, -3.3144e-08, -3.3144e-08, -3.3144e-08,
         -3.3144e-08],
        [-3.3144e-08, -3.3144e-08, -3.3144e-08, -3.3144e-08, -3.3144e-08,
         -3.3144e-08, -3.3144e-08, -3.3144e-08, -3.3144e-08, -3.3144e-08,
         -3.3144e-08, -3.3144e-08, -3.3144e-08, -3.3144e-08, -3.3144e-08,
         -3.3144e-08, -3.3144e-08, -3.3144e-08, -3.3144e-08, -3.3144e-08,
         -3.3144e-08],
        [-3.3144e-08, -3.3144e-08, -3.3144e-08, -3.3144e-08, -3.3144e-08,
         -3.3144e-08, -3.3144e-08, -3.3144e-08, -3.3144e-08, -3.3144e-08,
         -3.3144e-08, -3.3144e-08, -3.3144e-08, -3.3144e-08, -3.3144e-08,
         -3.3144e-08, -3.3144e-08, -3.3144e-08, -3.3144e-08, -3.3144e-08,
         -3.3144e-08],
        [-3.3144e-08, -3.3144e-08, -3.3144e-08, -3.3144e-08, -3.3144e-08,
         -3.3144e-08, -3.3144e-08, -3.3144e-08, -3.3144e-08, -3.3144e-08,
         -3.3144e-08, -3.3144e-08, -3.3144e-08, -3.3144e-08, -3.3144e-08,
         -3.3144e-08, -3.3144e-08, -3.3144e-08, -3.3144e-08, -3.3144e-08,
         -3.3144e-08],
        [-3.3144e-08, -3.3144e-08, -3.3144e-08, -3.3144e-08, -3.3144e-08,
         -3.3144e-08, -3.3144e-08, -3.3144e-08, -3.3144e-08, -3.3144e-08,
         -3.3144e-08, -3.3144e-08, -3.3144e-08, -3.3144e-08, -3.3144e-08,
         -3.3144e-08, -3.3144e-08, -3.3144e-08, -3.3144e-08, -3.3144e-08,
         -3.3144e-08],
        [-3.3144e-08, -3.3144e-08, -3.3144e-08, -3.3144e-08, -3.3144e-08,
         -3.3144e-08, -3.3144e-08, -3.3144e-08, -3.3144e-08, -3.3144e-08,
         -3.3144e-08, -3.3144e-08, -3.3144e-08, -3.3144e-08, -3.3144e-08,
         -3.3144e-08, -3.3144e-08, -3.3144e-08, -3.3144e-08, -3.3144e-08,
         -3.3144e-08],
        [-3.3144e-08, -3.3144e-08, -3.3144e-08, -3.3144e-08, -3.3144e-08,
         -3.3144e-08, -3.3144e-08, -3.3144e-08, -3.3144e-08, -3.3144e-08,
         -3.3144e-08, -3.3144e-08, -3.3144e-08, -3.3144e-08, -3.3144e-08,
         -3.3144e-08, -3.3144e-08, -3.3144e-08, -3.3144e-08, -3.3144e-08,
         -3.3144e-08],
        [-3.3144e-08, -3.3144e-08, -3.3144e-08, -3.3144e-08, -3.3144e-08,
         -3.3144e-08, -3.3144e-08, -3.3144e-08, -3.3144e-08, -3.3144e-08,
         -3.3144e-08, -3.3144e-08, -3.3144e-08, -3.3144e-08, -3.3144e-08,
         -3.3144e-08, -3.3144e-08, -3.3144e-08, -3.3144e-08, -3.3144e-08,
         -3.3144e-08],
        [-3.3144e-08, -3.3144e-08, -3.3144e-08, -3.3144e-08, -3.3144e-08,
         -3.3144e-08, -3.3144e-08, -3.3144e-08, -3.3144e-08, -3.3144e-08,
         -3.3144e-08, -3.3144e-08, -3.3144e-08, -3.3144e-08, -3.3144e-08,
         -3.3144e-08, -3.3144e-08, -3.3144e-08, -3.3144e-08, -3.3144e-08,
         -3.3144e-08],
        [-3.3144e-08, -3.3144e-08, -3.3144e-08, -3.3144e-08, -3.3144e-08,
         -3.3144e-08, -3.3144e-08, -3.3144e-08, -3.3144e-08, -3.3144e-08,
         -3.3144e-08, -3.3144e-08, -3.3144e-08, -3.3144e-08, -3.3144e-08,
         -3.3144e-08, -3.3144e-08, -3.3144e-08, -3.3144e-08, -3.3144e-08,
         -3.3144e-08],
        [-3.3144e-08, -3.3144e-08, -3.3144e-08, -3.3144e-08, -3.3144e-08,
         -3.3144e-08, -3.3144e-08, -3.3144e-08, -3.3144e-08, -3.3144e-08,
         -3.3144e-08, -3.3144e-08, -3.3144e-08, -3.3144e-08, -3.3144e-08,
         -3.3144e-08, -3.3144e-08, -3.3144e-08, -3.3144e-08, -3.3144e-08,
         -3.3144e-08],
        [-3.3144e-08, -3.3144e-08, -3.3144e-08, -3.3144e-08, -3.3144e-08,
         -3.3144e-08, -3.3144e-08, -3.3144e-08, -3.3144e-08, -3.3144e-08,
         -3.3144e-08, -3.3144e-08, -3.3144e-08, -3.3144e-08, -3.3144e-08,
         -3.3144e-08, -3.3144e-08, -3.3144e-08, -3.3144e-08, -3.3144e-08,
         -3.3144e-08],
        [-3.3144e-08, -3.3144e-08, -3.3144e-08, -3.3144e-08, -3.3144e-08,
         -3.3144e-08, -3.3144e-08, -3.3144e-08, -3.3144e-08, -3.3144e-08,
         -3.3144e-08, -3.3144e-08, -3.3144e-08, -3.3144e-08, -3.3144e-08,
         -3.3144e-08, -3.3144e-08, -3.3144e-08, -3.3144e-08, -3.3144e-08,
         -3.3144e-08],
        [-3.3144e-08, -3.3144e-08, -3.3144e-08, -3.3144e-08, -3.3144e-08,
         -3.3144e-08, -3.3144e-08, -3.3144e-08, -3.3144e-08, -3.3144e-08,
         -3.3144e-08, -3.3144e-08, -3.3144e-08, -3.3144e-08, -3.3144e-08,
         -3.3144e-08, -3.3144e-08, -3.3144e-08, -3.3144e-08, -3.3144e-08,
         -3.3144e-08]])
tensor([-3.3144e-08, -3.3144e-08, -3.3144e-08, -3.3144e-08, -3.3144e-08,
        -3.3144e-08, -3.3144e-08, -3.3144e-08, -3.3144e-08, -3.3144e-08,
        -3.3144e-08, -3.3144e-08, -3.3144e-08, -3.3144e-08, -3.3144e-08,
        -3.3144e-08, -3.3144e-08, -3.3144e-08, -3.3144e-08, -3.3144e-08,
        -3.3144e-08])
[Layer 8]
tensor([[-0.0020, -0.0020, -0.0020, -0.0020, -0.0020, -0.0020, -0.0020, -0.0020,
         -0.0020, -0.0020, -0.0020, -0.0020, -0.0020, -0.0020, -0.0020, -0.0020,
         -0.0020, -0.0020, -0.0020, -0.0020, -0.0020],
        [-0.0020, -0.0020, -0.0020, -0.0020, -0.0020, -0.0020, -0.0020, -0.0020,
         -0.0020, -0.0020, -0.0020, -0.0020, -0.0020, -0.0020, -0.0020, -0.0020,
         -0.0020, -0.0020, -0.0020, -0.0020, -0.0020],
        [-0.0020, -0.0020, -0.0020, -0.0020, -0.0020, -0.0020, -0.0020, -0.0020,
         -0.0020, -0.0020, -0.0020, -0.0020, -0.0020, -0.0020, -0.0020, -0.0020,
         -0.0020, -0.0020, -0.0020, -0.0020, -0.0020],
        [-0.0020, -0.0020, -0.0020, -0.0020, -0.0020, -0.0020, -0.0020, -0.0020,
         -0.0020, -0.0020, -0.0020, -0.0020, -0.0020, -0.0020, -0.0020, -0.0020,
         -0.0020, -0.0020, -0.0020, -0.0020, -0.0020],
        [-0.0020, -0.0020, -0.0020, -0.0020, -0.0020, -0.0020, -0.0020, -0.0020,
         -0.0020, -0.0020, -0.0020, -0.0020, -0.0020, -0.0020, -0.0020, -0.0020,
         -0.0020, -0.0020, -0.0020, -0.0020, -0.0020],
        [-0.0020, -0.0020, -0.0020, -0.0020, -0.0020, -0.0020, -0.0020, -0.0020,
         -0.0020, -0.0020, -0.0020, -0.0020, -0.0020, -0.0020, -0.0020, -0.0020,
         -0.0020, -0.0020, -0.0020, -0.0020, -0.0020],
        [-0.0020, -0.0020, -0.0020, -0.0020, -0.0020, -0.0020, -0.0020, -0.0020,
         -0.0020, -0.0020, -0.0020, -0.0020, -0.0020, -0.0020, -0.0020, -0.0020,
         -0.0020, -0.0020, -0.0020, -0.0020, -0.0020],
        [-0.0020, -0.0020, -0.0020, -0.0020, -0.0020, -0.0020, -0.0020, -0.0020,
         -0.0020, -0.0020, -0.0020, -0.0020, -0.0020, -0.0020, -0.0020, -0.0020,
         -0.0020, -0.0020, -0.0020, -0.0020, -0.0020],
        [-0.0020, -0.0020, -0.0020, -0.0020, -0.0020, -0.0020, -0.0020, -0.0020,
         -0.0020, -0.0020, -0.0020, -0.0020, -0.0020, -0.0020, -0.0020, -0.0020,
         -0.0020, -0.0020, -0.0020, -0.0020, -0.0020],
        [-0.0020, -0.0020, -0.0020, -0.0020, -0.0020, -0.0020, -0.0020, -0.0020,
         -0.0020, -0.0020, -0.0020, -0.0020, -0.0020, -0.0020, -0.0020, -0.0020,
         -0.0020, -0.0020, -0.0020, -0.0020, -0.0020],
        [-0.0020, -0.0020, -0.0020, -0.0020, -0.0020, -0.0020, -0.0020, -0.0020,
         -0.0020, -0.0020, -0.0020, -0.0020, -0.0020, -0.0020, -0.0020, -0.0020,
         -0.0020, -0.0020, -0.0020, -0.0020, -0.0020],
        [-0.0020, -0.0020, -0.0020, -0.0020, -0.0020, -0.0020, -0.0020, -0.0020,
         -0.0020, -0.0020, -0.0020, -0.0020, -0.0020, -0.0020, -0.0020, -0.0020,
         -0.0020, -0.0020, -0.0020, -0.0020, -0.0020],
        [-0.0020, -0.0020, -0.0020, -0.0020, -0.0020, -0.0020, -0.0020, -0.0020,
         -0.0020, -0.0020, -0.0020, -0.0020, -0.0020, -0.0020, -0.0020, -0.0020,
         -0.0020, -0.0020, -0.0020, -0.0020, -0.0020],
        [-0.0020, -0.0020, -0.0020, -0.0020, -0.0020, -0.0020, -0.0020, -0.0020,
         -0.0020, -0.0020, -0.0020, -0.0020, -0.0020, -0.0020, -0.0020, -0.0020,
         -0.0020, -0.0020, -0.0020, -0.0020, -0.0020],
        [-0.0020, -0.0020, -0.0020, -0.0020, -0.0020, -0.0020, -0.0020, -0.0020,
         -0.0020, -0.0020, -0.0020, -0.0020, -0.0020, -0.0020, -0.0020, -0.0020,
         -0.0020, -0.0020, -0.0020, -0.0020, -0.0020],
        [-0.0020, -0.0020, -0.0020, -0.0020, -0.0020, -0.0020, -0.0020, -0.0020,
         -0.0020, -0.0020, -0.0020, -0.0020, -0.0020, -0.0020, -0.0020, -0.0020,
         -0.0020, -0.0020, -0.0020, -0.0020, -0.0020],
        [-0.0020, -0.0020, -0.0020, -0.0020, -0.0020, -0.0020, -0.0020, -0.0020,
         -0.0020, -0.0020, -0.0020, -0.0020, -0.0020, -0.0020, -0.0020, -0.0020,
         -0.0020, -0.0020, -0.0020, -0.0020, -0.0020],
        [-0.0020, -0.0020, -0.0020, -0.0020, -0.0020, -0.0020, -0.0020, -0.0020,
         -0.0020, -0.0020, -0.0020, -0.0020, -0.0020, -0.0020, -0.0020, -0.0020,
         -0.0020, -0.0020, -0.0020, -0.0020, -0.0020],
        [-0.0020, -0.0020, -0.0020, -0.0020, -0.0020, -0.0020, -0.0020, -0.0020,
         -0.0020, -0.0020, -0.0020, -0.0020, -0.0020, -0.0020, -0.0020, -0.0020,
         -0.0020, -0.0020, -0.0020, -0.0020, -0.0020],
        [-0.0020, -0.0020, -0.0020, -0.0020, -0.0020, -0.0020, -0.0020, -0.0020,
         -0.0020, -0.0020, -0.0020, -0.0020, -0.0020, -0.0020, -0.0020, -0.0020,
         -0.0020, -0.0020, -0.0020, -0.0020, -0.0020],
        [-0.0020, -0.0020, -0.0020, -0.0020, -0.0020, -0.0020, -0.0020, -0.0020,
         -0.0020, -0.0020, -0.0020, -0.0020, -0.0020, -0.0020, -0.0020, -0.0020,
         -0.0020, -0.0020, -0.0020, -0.0020, -0.0020]])
tensor([-0.0020, -0.0020, -0.0020, -0.0020, -0.0020, -0.0020, -0.0020, -0.0020,
        -0.0020, -0.0020, -0.0020, -0.0020, -0.0020, -0.0020, -0.0020, -0.0020,
        -0.0020, -0.0020, -0.0020, -0.0020, -0.0020])
[Layer 9]
tensor([[1.4612],
        [1.4612],
        [1.4612],
        [1.4612],
        [1.4612],
        [1.4612],
        [1.4612],
        [1.4612],
        [1.4612],
        [1.4612],
        [1.4612],
        [1.4612],
        [1.4612],
        [1.4612],
        [1.4612],
        [1.4612],
        [1.4612],
        [1.4612],
        [1.4612],
        [1.4612],
        [1.4612]])
tensor(1.4612)
