[Layer 0]
tensor([[0., 0., 0., 0., 0., 0., 0., 0., 0., 0., 0., 0., 0., 0., 0., 0., 0., 0., 0., 0., 0.],
        [0., 0., 0., 0., 0., 0., 0., 0., 0., 0., 0., 0., 0., 0., 0., 0., 0., 0., 0., 0., 0.],
        [0., 0., 0., 0., 0., 0., 0., 0., 0., 0., 0., 0., 0., 0., 0., 0., 0., 0., 0., 0., 0.],
        [0., 0., 0., 0., 0., 0., 0., 0., 0., 0., 0., 0., 0., 0., 0., 0., 0., 0., 0., 0., 0.],
        [0., 0., 0., 0., 0., 0., 0., 0., 0., 0., 0., 0., 0., 0., 0., 0., 0., 0., 0., 0., 0.],
        [0., 0., 0., 0., 0., 0., 0., 0., 0., 0., 0., 0., 0., 0., 0., 0., 0., 0., 0., 0., 0.],
        [0., 0., 0., 0., 0., 0., 0., 0., 0., 0., 0., 0., 0., 0., 0., 0., 0., 0., 0., 0., 0.],
        [0., 0., 0., 0., 0., 0., 0., 0., 0., 0., 0., 0., 0., 0., 0., 0., 0., 0., 0., 0., 0.],
        [0., 0., 0., 0., 0., 0., 0., 0., 0., 0., 0., 0., 0., 0., 0., 0., 0., 0., 0., 0., 0.],
        [0., 0., 0., 0., 0., 0., 0., 0., 0., 0., 0., 0., 0., 0., 0., 0., 0., 0., 0., 0., 0.]])
tensor([0., 0., 0., 0., 0., 0., 0., 0., 0., 0., 0., 0., 0., 0., 0., 0., 0., 0., 0., 0., 0.])
[Layer 1]
tensor([[0., 0., 0., 0., 0., 0., 0., 0., 0., 0., 0., 0., 0., 0., 0., 0., 0., 0., 0., 0., 0.],
        [0., 0., 0., 0., 0., 0., 0., 0., 0., 0., 0., 0., 0., 0., 0., 0., 0., 0., 0., 0., 0.],
        [0., 0., 0., 0., 0., 0., 0., 0., 0., 0., 0., 0., 0., 0., 0., 0., 0., 0., 0., 0., 0.],
        [0., 0., 0., 0., 0., 0., 0., 0., 0., 0., 0., 0., 0., 0., 0., 0., 0., 0., 0., 0., 0.],
        [0., 0., 0., 0., 0., 0., 0., 0., 0., 0., 0., 0., 0., 0., 0., 0., 0., 0., 0., 0., 0.],
        [0., 0., 0., 0., 0., 0., 0., 0., 0., 0., 0., 0., 0., 0., 0., 0., 0., 0., 0., 0., 0.],
        [0., 0., 0., 0., 0., 0., 0., 0., 0., 0., 0., 0., 0., 0., 0., 0., 0., 0., 0., 0., 0.],
        [0., 0., 0., 0., 0., 0., 0., 0., 0., 0., 0., 0., 0., 0., 0., 0., 0., 0., 0., 0., 0.],
        [0., 0., 0., 0., 0., 0., 0., 0., 0., 0., 0., 0., 0., 0., 0., 0., 0., 0., 0., 0., 0.],
        [0., 0., 0., 0., 0., 0., 0., 0., 0., 0., 0., 0., 0., 0., 0., 0., 0., 0., 0., 0., 0.],
        [0., 0., 0., 0., 0., 0., 0., 0., 0., 0., 0., 0., 0., 0., 0., 0., 0., 0., 0., 0., 0.],
        [0., 0., 0., 0., 0., 0., 0., 0., 0., 0., 0., 0., 0., 0., 0., 0., 0., 0., 0., 0., 0.],
        [0., 0., 0., 0., 0., 0., 0., 0., 0., 0., 0., 0., 0., 0., 0., 0., 0., 0., 0., 0., 0.],
        [0., 0., 0., 0., 0., 0., 0., 0., 0., 0., 0., 0., 0., 0., 0., 0., 0., 0., 0., 0., 0.],
        [0., 0., 0., 0., 0., 0., 0., 0., 0., 0., 0., 0., 0., 0., 0., 0., 0., 0., 0., 0., 0.],
        [0., 0., 0., 0., 0., 0., 0., 0., 0., 0., 0., 0., 0., 0., 0., 0., 0., 0., 0., 0., 0.],
        [0., 0., 0., 0., 0., 0., 0., 0., 0., 0., 0., 0., 0., 0., 0., 0., 0., 0., 0., 0., 0.],
        [0., 0., 0., 0., 0., 0., 0., 0., 0., 0., 0., 0., 0., 0., 0., 0., 0., 0., 0., 0., 0.],
        [0., 0., 0., 0., 0., 0., 0., 0., 0., 0., 0., 0., 0., 0., 0., 0., 0., 0., 0., 0., 0.],
        [0., 0., 0., 0., 0., 0., 0., 0., 0., 0., 0., 0., 0., 0., 0., 0., 0., 0., 0., 0., 0.],
        [0., 0., 0., 0., 0., 0., 0., 0., 0., 0., 0., 0., 0., 0., 0., 0., 0., 0., 0., 0., 0.]])
tensor([0., 0., 0., 0., 0., 0., 0., 0., 0., 0., 0., 0., 0., 0., 0., 0., 0., 0., 0., 0., 0.])
[Layer 2]
tensor([[0., 0., 0., 0., 0., 0., 0., 0., 0., 0., 0., 0., 0., 0., 0., 0., 0., 0., 0., 0., 0.],
        [0., 0., 0., 0., 0., 0., 0., 0., 0., 0., 0., 0., 0., 0., 0., 0., 0., 0., 0., 0., 0.],
        [0., 0., 0., 0., 0., 0., 0., 0., 0., 0., 0., 0., 0., 0., 0., 0., 0., 0., 0., 0., 0.],
        [0., 0., 0., 0., 0., 0., 0., 0., 0., 0., 0., 0., 0., 0., 0., 0., 0., 0., 0., 0., 0.],
        [0., 0., 0., 0., 0., 0., 0., 0., 0., 0., 0., 0., 0., 0., 0., 0., 0., 0., 0., 0., 0.],
        [0., 0., 0., 0., 0., 0., 0., 0., 0., 0., 0., 0., 0., 0., 0., 0., 0., 0., 0., 0., 0.],
        [0., 0., 0., 0., 0., 0., 0., 0., 0., 0., 0., 0., 0., 0., 0., 0., 0., 0., 0., 0., 0.],
        [0., 0., 0., 0., 0., 0., 0., 0., 0., 0., 0., 0., 0., 0., 0., 0., 0., 0., 0., 0., 0.],
        [0., 0., 0., 0., 0., 0., 0., 0., 0., 0., 0., 0., 0., 0., 0., 0., 0., 0., 0., 0., 0.],
        [0., 0., 0., 0., 0., 0., 0., 0., 0., 0., 0., 0., 0., 0., 0., 0., 0., 0., 0., 0., 0.],
        [0., 0., 0., 0., 0., 0., 0., 0., 0., 0., 0., 0., 0., 0., 0., 0., 0., 0., 0., 0., 0.],
        [0., 0., 0., 0., 0., 0., 0., 0., 0., 0., 0., 0., 0., 0., 0., 0., 0., 0., 0., 0., 0.],
        [0., 0., 0., 0., 0., 0., 0., 0., 0., 0., 0., 0., 0., 0., 0., 0., 0., 0., 0., 0., 0.],
        [0., 0., 0., 0., 0., 0., 0., 0., 0., 0., 0., 0., 0., 0., 0., 0., 0., 0., 0., 0., 0.],
        [0., 0., 0., 0., 0., 0., 0., 0., 0., 0., 0., 0., 0., 0., 0., 0., 0., 0., 0., 0., 0.],
        [0., 0., 0., 0., 0., 0., 0., 0., 0., 0., 0., 0., 0., 0., 0., 0., 0., 0., 0., 0., 0.],
        [0., 0., 0., 0., 0., 0., 0., 0., 0., 0., 0., 0., 0., 0., 0., 0., 0., 0., 0., 0., 0.],
        [0., 0., 0., 0., 0., 0., 0., 0., 0., 0., 0., 0., 0., 0., 0., 0., 0., 0., 0., 0., 0.],
        [0., 0., 0., 0., 0., 0., 0., 0., 0., 0., 0., 0., 0., 0., 0., 0., 0., 0., 0., 0., 0.],
        [0., 0., 0., 0., 0., 0., 0., 0., 0., 0., 0., 0., 0., 0., 0., 0., 0., 0., 0., 0., 0.],
        [0., 0., 0., 0., 0., 0., 0., 0., 0., 0., 0., 0., 0., 0., 0., 0., 0., 0., 0., 0., 0.]])
tensor([0., 0., 0., 0., 0., 0., 0., 0., 0., 0., 0., 0., 0., 0., 0., 0., 0., 0., 0., 0., 0.])
[Layer 3]
tensor([[0., 0., 0., 0., 0., 0., 0., 0., 0., 0., 0., 0., 0., 0., 0., 0., 0., 0., 0., 0., 0.],
        [0., 0., 0., 0., 0., 0., 0., 0., 0., 0., 0., 0., 0., 0., 0., 0., 0., 0., 0., 0., 0.],
        [0., 0., 0., 0., 0., 0., 0., 0., 0., 0., 0., 0., 0., 0., 0., 0., 0., 0., 0., 0., 0.],
        [0., 0., 0., 0., 0., 0., 0., 0., 0., 0., 0., 0., 0., 0., 0., 0., 0., 0., 0., 0., 0.],
        [0., 0., 0., 0., 0., 0., 0., 0., 0., 0., 0., 0., 0., 0., 0., 0., 0., 0., 0., 0., 0.],
        [0., 0., 0., 0., 0., 0., 0., 0., 0., 0., 0., 0., 0., 0., 0., 0., 0., 0., 0., 0., 0.],
        [0., 0., 0., 0., 0., 0., 0., 0., 0., 0., 0., 0., 0., 0., 0., 0., 0., 0., 0., 0., 0.],
        [0., 0., 0., 0., 0., 0., 0., 0., 0., 0., 0., 0., 0., 0., 0., 0., 0., 0., 0., 0., 0.],
        [0., 0., 0., 0., 0., 0., 0., 0., 0., 0., 0., 0., 0., 0., 0., 0., 0., 0., 0., 0., 0.],
        [0., 0., 0., 0., 0., 0., 0., 0., 0., 0., 0., 0., 0., 0., 0., 0., 0., 0., 0., 0., 0.],
        [0., 0., 0., 0., 0., 0., 0., 0., 0., 0., 0., 0., 0., 0., 0., 0., 0., 0., 0., 0., 0.],
        [0., 0., 0., 0., 0., 0., 0., 0., 0., 0., 0., 0., 0., 0., 0., 0., 0., 0., 0., 0., 0.],
        [0., 0., 0., 0., 0., 0., 0., 0., 0., 0., 0., 0., 0., 0., 0., 0., 0., 0., 0., 0., 0.],
        [0., 0., 0., 0., 0., 0., 0., 0., 0., 0., 0., 0., 0., 0., 0., 0., 0., 0., 0., 0., 0.],
        [0., 0., 0., 0., 0., 0., 0., 0., 0., 0., 0., 0., 0., 0., 0., 0., 0., 0., 0., 0., 0.],
        [0., 0., 0., 0., 0., 0., 0., 0., 0., 0., 0., 0., 0., 0., 0., 0., 0., 0., 0., 0., 0.],
        [0., 0., 0., 0., 0., 0., 0., 0., 0., 0., 0., 0., 0., 0., 0., 0., 0., 0., 0., 0., 0.],
        [0., 0., 0., 0., 0., 0., 0., 0., 0., 0., 0., 0., 0., 0., 0., 0., 0., 0., 0., 0., 0.],
        [0., 0., 0., 0., 0., 0., 0., 0., 0., 0., 0., 0., 0., 0., 0., 0., 0., 0., 0., 0., 0.],
        [0., 0., 0., 0., 0., 0., 0., 0., 0., 0., 0., 0., 0., 0., 0., 0., 0., 0., 0., 0., 0.],
        [0., 0., 0., 0., 0., 0., 0., 0., 0., 0., 0., 0., 0., 0., 0., 0., 0., 0., 0., 0., 0.]])
tensor([0., 0., 0., 0., 0., 0., 0., 0., 0., 0., 0., 0., 0., 0., 0., 0., 0., 0., 0., 0., 0.])
[Layer 4]
tensor([[0., 0., 0., 0., 0., 0., 0., 0., 0., 0., 0., 0., 0., 0., 0., 0., 0., 0., 0., 0., 0.],
        [0., 0., 0., 0., 0., 0., 0., 0., 0., 0., 0., 0., 0., 0., 0., 0., 0., 0., 0., 0., 0.],
        [0., 0., 0., 0., 0., 0., 0., 0., 0., 0., 0., 0., 0., 0., 0., 0., 0., 0., 0., 0., 0.],
        [0., 0., 0., 0., 0., 0., 0., 0., 0., 0., 0., 0., 0., 0., 0., 0., 0., 0., 0., 0., 0.],
        [0., 0., 0., 0., 0., 0., 0., 0., 0., 0., 0., 0., 0., 0., 0., 0., 0., 0., 0., 0., 0.],
        [0., 0., 0., 0., 0., 0., 0., 0., 0., 0., 0., 0., 0., 0., 0., 0., 0., 0., 0., 0., 0.],
        [0., 0., 0., 0., 0., 0., 0., 0., 0., 0., 0., 0., 0., 0., 0., 0., 0., 0., 0., 0., 0.],
        [0., 0., 0., 0., 0., 0., 0., 0., 0., 0., 0., 0., 0., 0., 0., 0., 0., 0., 0., 0., 0.],
        [0., 0., 0., 0., 0., 0., 0., 0., 0., 0., 0., 0., 0., 0., 0., 0., 0., 0., 0., 0., 0.],
        [0., 0., 0., 0., 0., 0., 0., 0., 0., 0., 0., 0., 0., 0., 0., 0., 0., 0., 0., 0., 0.],
        [0., 0., 0., 0., 0., 0., 0., 0., 0., 0., 0., 0., 0., 0., 0., 0., 0., 0., 0., 0., 0.],
        [0., 0., 0., 0., 0., 0., 0., 0., 0., 0., 0., 0., 0., 0., 0., 0., 0., 0., 0., 0., 0.],
        [0., 0., 0., 0., 0., 0., 0., 0., 0., 0., 0., 0., 0., 0., 0., 0., 0., 0., 0., 0., 0.],
        [0., 0., 0., 0., 0., 0., 0., 0., 0., 0., 0., 0., 0., 0., 0., 0., 0., 0., 0., 0., 0.],
        [0., 0., 0., 0., 0., 0., 0., 0., 0., 0., 0., 0., 0., 0., 0., 0., 0., 0., 0., 0., 0.],
        [0., 0., 0., 0., 0., 0., 0., 0., 0., 0., 0., 0., 0., 0., 0., 0., 0., 0., 0., 0., 0.],
        [0., 0., 0., 0., 0., 0., 0., 0., 0., 0., 0., 0., 0., 0., 0., 0., 0., 0., 0., 0., 0.],
        [0., 0., 0., 0., 0., 0., 0., 0., 0., 0., 0., 0., 0., 0., 0., 0., 0., 0., 0., 0., 0.],
        [0., 0., 0., 0., 0., 0., 0., 0., 0., 0., 0., 0., 0., 0., 0., 0., 0., 0., 0., 0., 0.],
        [0., 0., 0., 0., 0., 0., 0., 0., 0., 0., 0., 0., 0., 0., 0., 0., 0., 0., 0., 0., 0.],
        [0., 0., 0., 0., 0., 0., 0., 0., 0., 0., 0., 0., 0., 0., 0., 0., 0., 0., 0., 0., 0.]])
tensor([0., 0., 0., 0., 0., 0., 0., 0., 0., 0., 0., 0., 0., 0., 0., 0., 0., 0., 0., 0., 0.])
[Layer 5]
tensor([[0., 0., 0., 0., 0., 0., 0., 0., 0., 0., 0., 0., 0., 0., 0., 0., 0., 0., 0., 0., 0.],
        [0., 0., 0., 0., 0., 0., 0., 0., 0., 0., 0., 0., 0., 0., 0., 0., 0., 0., 0., 0., 0.],
        [0., 0., 0., 0., 0., 0., 0., 0., 0., 0., 0., 0., 0., 0., 0., 0., 0., 0., 0., 0., 0.],
        [0., 0., 0., 0., 0., 0., 0., 0., 0., 0., 0., 0., 0., 0., 0., 0., 0., 0., 0., 0., 0.],
        [0., 0., 0., 0., 0., 0., 0., 0., 0., 0., 0., 0., 0., 0., 0., 0., 0., 0., 0., 0., 0.],
        [0., 0., 0., 0., 0., 0., 0., 0., 0., 0., 0., 0., 0., 0., 0., 0., 0., 0., 0., 0., 0.],
        [0., 0., 0., 0., 0., 0., 0., 0., 0., 0., 0., 0., 0., 0., 0., 0., 0., 0., 0., 0., 0.],
        [0., 0., 0., 0., 0., 0., 0., 0., 0., 0., 0., 0., 0., 0., 0., 0., 0., 0., 0., 0., 0.],
        [0., 0., 0., 0., 0., 0., 0., 0., 0., 0., 0., 0., 0., 0., 0., 0., 0., 0., 0., 0., 0.],
        [0., 0., 0., 0., 0., 0., 0., 0., 0., 0., 0., 0., 0., 0., 0., 0., 0., 0., 0., 0., 0.],
        [0., 0., 0., 0., 0., 0., 0., 0., 0., 0., 0., 0., 0., 0., 0., 0., 0., 0., 0., 0., 0.],
        [0., 0., 0., 0., 0., 0., 0., 0., 0., 0., 0., 0., 0., 0., 0., 0., 0., 0., 0., 0., 0.],
        [0., 0., 0., 0., 0., 0., 0., 0., 0., 0., 0., 0., 0., 0., 0., 0., 0., 0., 0., 0., 0.],
        [0., 0., 0., 0., 0., 0., 0., 0., 0., 0., 0., 0., 0., 0., 0., 0., 0., 0., 0., 0., 0.],
        [0., 0., 0., 0., 0., 0., 0., 0., 0., 0., 0., 0., 0., 0., 0., 0., 0., 0., 0., 0., 0.],
        [0., 0., 0., 0., 0., 0., 0., 0., 0., 0., 0., 0., 0., 0., 0., 0., 0., 0., 0., 0., 0.],
        [0., 0., 0., 0., 0., 0., 0., 0., 0., 0., 0., 0., 0., 0., 0., 0., 0., 0., 0., 0., 0.],
        [0., 0., 0., 0., 0., 0., 0., 0., 0., 0., 0., 0., 0., 0., 0., 0., 0., 0., 0., 0., 0.],
        [0., 0., 0., 0., 0., 0., 0., 0., 0., 0., 0., 0., 0., 0., 0., 0., 0., 0., 0., 0., 0.],
        [0., 0., 0., 0., 0., 0., 0., 0., 0., 0., 0., 0., 0., 0., 0., 0., 0., 0., 0., 0., 0.],
        [0., 0., 0., 0., 0., 0., 0., 0., 0., 0., 0., 0., 0., 0., 0., 0., 0., 0., 0., 0., 0.]])
tensor([0., 0., 0., 0., 0., 0., 0., 0., 0., 0., 0., 0., 0., 0., 0., 0., 0., 0., 0., 0., 0.])
[Layer 6]
tensor([[-4.5634e-22, -4.5634e-22, -4.5634e-22, -4.5634e-22, -4.5634e-22,
         -4.5634e-22, -4.5634e-22, -4.5634e-22, -4.5634e-22, -4.5634e-22,
         -4.5634e-22, -4.5634e-22, -4.5634e-22, -4.5634e-22, -4.5634e-22,
         -4.5634e-22, -4.5634e-22, -4.5634e-22, -4.5634e-22, -4.5634e-22,
         -4.5634e-22],
        [-4.5634e-22, -4.5634e-22, -4.5634e-22, -4.5634e-22, -4.5634e-22,
         -4.5634e-22, -4.5634e-22, -4.5634e-22, -4.5634e-22, -4.5634e-22,
         -4.5634e-22, -4.5634e-22, -4.5634e-22, -4.5634e-22, -4.5634e-22,
         -4.5634e-22, -4.5634e-22, -4.5634e-22, -4.5634e-22, -4.5634e-22,
         -4.5634e-22],
        [-4.5634e-22, -4.5634e-22, -4.5634e-22, -4.5634e-22, -4.5634e-22,
         -4.5634e-22, -4.5634e-22, -4.5634e-22, -4.5634e-22, -4.5634e-22,
         -4.5634e-22, -4.5634e-22, -4.5634e-22, -4.5634e-22, -4.5634e-22,
         -4.5634e-22, -4.5634e-22, -4.5634e-22, -4.5634e-22, -4.5634e-22,
         -4.5634e-22],
        [-4.5634e-22, -4.5634e-22, -4.5634e-22, -4.5634e-22, -4.5634e-22,
         -4.5634e-22, -4.5634e-22, -4.5634e-22, -4.5634e-22, -4.5634e-22,
         -4.5634e-22, -4.5634e-22, -4.5634e-22, -4.5634e-22, -4.5634e-22,
         -4.5634e-22, -4.5634e-22, -4.5634e-22, -4.5634e-22, -4.5634e-22,
         -4.5634e-22],
        [-4.5634e-22, -4.5634e-22, -4.5634e-22, -4.5634e-22, -4.5634e-22,
         -4.5634e-22, -4.5634e-22, -4.5634e-22, -4.5634e-22, -4.5634e-22,
         -4.5634e-22, -4.5634e-22, -4.5634e-22, -4.5634e-22, -4.5634e-22,
         -4.5634e-22, -4.5634e-22, -4.5634e-22, -4.5634e-22, -4.5634e-22,
         -4.5634e-22],
        [-4.5634e-22, -4.5634e-22, -4.5634e-22, -4.5634e-22, -4.5634e-22,
         -4.5634e-22, -4.5634e-22, -4.5634e-22, -4.5634e-22, -4.5634e-22,
         -4.5634e-22, -4.5634e-22, -4.5634e-22, -4.5634e-22, -4.5634e-22,
         -4.5634e-22, -4.5634e-22, -4.5634e-22, -4.5634e-22, -4.5634e-22,
         -4.5634e-22],
        [-4.5634e-22, -4.5634e-22, -4.5634e-22, -4.5634e-22, -4.5634e-22,
         -4.5634e-22, -4.5634e-22, -4.5634e-22, -4.5634e-22, -4.5634e-22,
         -4.5634e-22, -4.5634e-22, -4.5634e-22, -4.5634e-22, -4.5634e-22,
         -4.5634e-22, -4.5634e-22, -4.5634e-22, -4.5634e-22, -4.5634e-22,
         -4.5634e-22],
        [-4.5634e-22, -4.5634e-22, -4.5634e-22, -4.5634e-22, -4.5634e-22,
         -4.5634e-22, -4.5634e-22, -4.5634e-22, -4.5634e-22, -4.5634e-22,
         -4.5634e-22, -4.5634e-22, -4.5634e-22, -4.5634e-22, -4.5634e-22,
         -4.5634e-22, -4.5634e-22, -4.5634e-22, -4.5634e-22, -4.5634e-22,
         -4.5634e-22],
        [-4.5634e-22, -4.5634e-22, -4.5634e-22, -4.5634e-22, -4.5634e-22,
         -4.5634e-22, -4.5634e-22, -4.5634e-22, -4.5634e-22, -4.5634e-22,
         -4.5634e-22, -4.5634e-22, -4.5634e-22, -4.5634e-22, -4.5634e-22,
         -4.5634e-22, -4.5634e-22, -4.5634e-22, -4.5634e-22, -4.5634e-22,
         -4.5634e-22],
        [-4.5634e-22, -4.5634e-22, -4.5634e-22, -4.5634e-22, -4.5634e-22,
         -4.5634e-22, -4.5634e-22, -4.5634e-22, -4.5634e-22, -4.5634e-22,
         -4.5634e-22, -4.5634e-22, -4.5634e-22, -4.5634e-22, -4.5634e-22,
         -4.5634e-22, -4.5634e-22, -4.5634e-22, -4.5634e-22, -4.5634e-22,
         -4.5634e-22],
        [-4.5634e-22, -4.5634e-22, -4.5634e-22, -4.5634e-22, -4.5634e-22,
         -4.5634e-22, -4.5634e-22, -4.5634e-22, -4.5634e-22, -4.5634e-22,
         -4.5634e-22, -4.5634e-22, -4.5634e-22, -4.5634e-22, -4.5634e-22,
         -4.5634e-22, -4.5634e-22, -4.5634e-22, -4.5634e-22, -4.5634e-22,
         -4.5634e-22],
        [-4.5634e-22, -4.5634e-22, -4.5634e-22, -4.5634e-22, -4.5634e-22,
         -4.5634e-22, -4.5634e-22, -4.5634e-22, -4.5634e-22, -4.5634e-22,
         -4.5634e-22, -4.5634e-22, -4.5634e-22, -4.5634e-22, -4.5634e-22,
         -4.5634e-22, -4.5634e-22, -4.5634e-22, -4.5634e-22, -4.5634e-22,
         -4.5634e-22],
        [-4.5634e-22, -4.5634e-22, -4.5634e-22, -4.5634e-22, -4.5634e-22,
         -4.5634e-22, -4.5634e-22, -4.5634e-22, -4.5634e-22, -4.5634e-22,
         -4.5634e-22, -4.5634e-22, -4.5634e-22, -4.5634e-22, -4.5634e-22,
         -4.5634e-22, -4.5634e-22, -4.5634e-22, -4.5634e-22, -4.5634e-22,
         -4.5634e-22],
        [-4.5634e-22, -4.5634e-22, -4.5634e-22, -4.5634e-22, -4.5634e-22,
         -4.5634e-22, -4.5634e-22, -4.5634e-22, -4.5634e-22, -4.5634e-22,
         -4.5634e-22, -4.5634e-22, -4.5634e-22, -4.5634e-22, -4.5634e-22,
         -4.5634e-22, -4.5634e-22, -4.5634e-22, -4.5634e-22, -4.5634e-22,
         -4.5634e-22],
        [-4.5634e-22, -4.5634e-22, -4.5634e-22, -4.5634e-22, -4.5634e-22,
         -4.5634e-22, -4.5634e-22, -4.5634e-22, -4.5634e-22, -4.5634e-22,
         -4.5634e-22, -4.5634e-22, -4.5634e-22, -4.5634e-22, -4.5634e-22,
         -4.5634e-22, -4.5634e-22, -4.5634e-22, -4.5634e-22, -4.5634e-22,
         -4.5634e-22],
        [-4.5634e-22, -4.5634e-22, -4.5634e-22, -4.5634e-22, -4.5634e-22,
         -4.5634e-22, -4.5634e-22, -4.5634e-22, -4.5634e-22, -4.5634e-22,
         -4.5634e-22, -4.5634e-22, -4.5634e-22, -4.5634e-22, -4.5634e-22,
         -4.5634e-22, -4.5634e-22, -4.5634e-22, -4.5634e-22, -4.5634e-22,
         -4.5634e-22],
        [-4.5634e-22, -4.5634e-22, -4.5634e-22, -4.5634e-22, -4.5634e-22,
         -4.5634e-22, -4.5634e-22, -4.5634e-22, -4.5634e-22, -4.5634e-22,
         -4.5634e-22, -4.5634e-22, -4.5634e-22, -4.5634e-22, -4.5634e-22,
         -4.5634e-22, -4.5634e-22, -4.5634e-22, -4.5634e-22, -4.5634e-22,
         -4.5634e-22],
        [-4.5634e-22, -4.5634e-22, -4.5634e-22, -4.5634e-22, -4.5634e-22,
         -4.5634e-22, -4.5634e-22, -4.5634e-22, -4.5634e-22, -4.5634e-22,
         -4.5634e-22, -4.5634e-22, -4.5634e-22, -4.5634e-22, -4.5634e-22,
         -4.5634e-22, -4.5634e-22, -4.5634e-22, -4.5634e-22, -4.5634e-22,
         -4.5634e-22],
        [-4.5634e-22, -4.5634e-22, -4.5634e-22, -4.5634e-22, -4.5634e-22,
         -4.5634e-22, -4.5634e-22, -4.5634e-22, -4.5634e-22, -4.5634e-22,
         -4.5634e-22, -4.5634e-22, -4.5634e-22, -4.5634e-22, -4.5634e-22,
         -4.5634e-22, -4.5634e-22, -4.5634e-22, -4.5634e-22, -4.5634e-22,
         -4.5634e-22],
        [-4.5634e-22, -4.5634e-22, -4.5634e-22, -4.5634e-22, -4.5634e-22,
         -4.5634e-22, -4.5634e-22, -4.5634e-22, -4.5634e-22, -4.5634e-22,
         -4.5634e-22, -4.5634e-22, -4.5634e-22, -4.5634e-22, -4.5634e-22,
         -4.5634e-22, -4.5634e-22, -4.5634e-22, -4.5634e-22, -4.5634e-22,
         -4.5634e-22],
        [-4.5634e-22, -4.5634e-22, -4.5634e-22, -4.5634e-22, -4.5634e-22,
         -4.5634e-22, -4.5634e-22, -4.5634e-22, -4.5634e-22, -4.5634e-22,
         -4.5634e-22, -4.5634e-22, -4.5634e-22, -4.5634e-22, -4.5634e-22,
         -4.5634e-22, -4.5634e-22, -4.5634e-22, -4.5634e-22, -4.5634e-22,
         -4.5634e-22]])
tensor([-4.5634e-22, -4.5634e-22, -4.5634e-22, -4.5634e-22, -4.5634e-22,
        -4.5634e-22, -4.5634e-22, -4.5634e-22, -4.5634e-22, -4.5634e-22,
        -4.5634e-22, -4.5634e-22, -4.5634e-22, -4.5634e-22, -4.5634e-22,
        -4.5634e-22, -4.5634e-22, -4.5634e-22, -4.5634e-22, -4.5634e-22,
        -4.5634e-22])
[Layer 7]
tensor([[-9.8345e-10, -9.8345e-10, -9.8345e-10, -9.8345e-10, -9.8345e-10,
         -9.8345e-10, -9.8345e-10, -9.8345e-10, -9.8345e-10, -9.8345e-10,
         -9.8345e-10, -9.8345e-10, -9.8345e-10, -9.8345e-10, -9.8345e-10,
         -9.8345e-10, -9.8345e-10, -9.8345e-10, -9.8345e-10, -9.8345e-10,
         -9.8345e-10],
        [-9.8345e-10, -9.8345e-10, -9.8345e-10, -9.8345e-10, -9.8345e-10,
         -9.8345e-10, -9.8345e-10, -9.8345e-10, -9.8345e-10, -9.8345e-10,
         -9.8345e-10, -9.8345e-10, -9.8345e-10, -9.8345e-10, -9.8345e-10,
         -9.8345e-10, -9.8345e-10, -9.8345e-10, -9.8345e-10, -9.8345e-10,
         -9.8345e-10],
        [-9.8345e-10, -9.8345e-10, -9.8345e-10, -9.8345e-10, -9.8345e-10,
         -9.8345e-10, -9.8345e-10, -9.8345e-10, -9.8345e-10, -9.8345e-10,
         -9.8345e-10, -9.8345e-10, -9.8345e-10, -9.8345e-10, -9.8345e-10,
         -9.8345e-10, -9.8345e-10, -9.8345e-10, -9.8345e-10, -9.8345e-10,
         -9.8345e-10],
        [-9.8345e-10, -9.8345e-10, -9.8345e-10, -9.8345e-10, -9.8345e-10,
         -9.8345e-10, -9.8345e-10, -9.8345e-10, -9.8345e-10, -9.8345e-10,
         -9.8345e-10, -9.8345e-10, -9.8345e-10, -9.8345e-10, -9.8345e-10,
         -9.8345e-10, -9.8345e-10, -9.8345e-10, -9.8345e-10, -9.8345e-10,
         -9.8345e-10],
        [-9.8345e-10, -9.8345e-10, -9.8345e-10, -9.8345e-10, -9.8345e-10,
         -9.8345e-10, -9.8345e-10, -9.8345e-10, -9.8345e-10, -9.8345e-10,
         -9.8345e-10, -9.8345e-10, -9.8345e-10, -9.8345e-10, -9.8345e-10,
         -9.8345e-10, -9.8345e-10, -9.8345e-10, -9.8345e-10, -9.8345e-10,
         -9.8345e-10],
        [-9.8345e-10, -9.8345e-10, -9.8345e-10, -9.8345e-10, -9.8345e-10,
         -9.8345e-10, -9.8345e-10, -9.8345e-10, -9.8345e-10, -9.8345e-10,
         -9.8345e-10, -9.8345e-10, -9.8345e-10, -9.8345e-10, -9.8345e-10,
         -9.8345e-10, -9.8345e-10, -9.8345e-10, -9.8345e-10, -9.8345e-10,
         -9.8345e-10],
        [-9.8345e-10, -9.8345e-10, -9.8345e-10, -9.8345e-10, -9.8345e-10,
         -9.8345e-10, -9.8345e-10, -9.8345e-10, -9.8345e-10, -9.8345e-10,
         -9.8345e-10, -9.8345e-10, -9.8345e-10, -9.8345e-10, -9.8345e-10,
         -9.8345e-10, -9.8345e-10, -9.8345e-10, -9.8345e-10, -9.8345e-10,
         -9.8345e-10],
        [-9.8345e-10, -9.8345e-10, -9.8345e-10, -9.8345e-10, -9.8345e-10,
         -9.8345e-10, -9.8345e-10, -9.8345e-10, -9.8345e-10, -9.8345e-10,
         -9.8345e-10, -9.8345e-10, -9.8345e-10, -9.8345e-10, -9.8345e-10,
         -9.8345e-10, -9.8345e-10, -9.8345e-10, -9.8345e-10, -9.8345e-10,
         -9.8345e-10],
        [-9.8345e-10, -9.8345e-10, -9.8345e-10, -9.8345e-10, -9.8345e-10,
         -9.8345e-10, -9.8345e-10, -9.8345e-10, -9.8345e-10, -9.8345e-10,
         -9.8345e-10, -9.8345e-10, -9.8345e-10, -9.8345e-10, -9.8345e-10,
         -9.8345e-10, -9.8345e-10, -9.8345e-10, -9.8345e-10, -9.8345e-10,
         -9.8345e-10],
        [-9.8345e-10, -9.8345e-10, -9.8345e-10, -9.8345e-10, -9.8345e-10,
         -9.8345e-10, -9.8345e-10, -9.8345e-10, -9.8345e-10, -9.8345e-10,
         -9.8345e-10, -9.8345e-10, -9.8345e-10, -9.8345e-10, -9.8345e-10,
         -9.8345e-10, -9.8345e-10, -9.8345e-10, -9.8345e-10, -9.8345e-10,
         -9.8345e-10],
        [-9.8345e-10, -9.8345e-10, -9.8345e-10, -9.8345e-10, -9.8345e-10,
         -9.8345e-10, -9.8345e-10, -9.8345e-10, -9.8345e-10, -9.8345e-10,
         -9.8345e-10, -9.8345e-10, -9.8345e-10, -9.8345e-10, -9.8345e-10,
         -9.8345e-10, -9.8345e-10, -9.8345e-10, -9.8345e-10, -9.8345e-10,
         -9.8345e-10],
        [-9.8345e-10, -9.8345e-10, -9.8345e-10, -9.8345e-10, -9.8345e-10,
         -9.8345e-10, -9.8345e-10, -9.8345e-10, -9.8345e-10, -9.8345e-10,
         -9.8345e-10, -9.8345e-10, -9.8345e-10, -9.8345e-10, -9.8345e-10,
         -9.8345e-10, -9.8345e-10, -9.8345e-10, -9.8345e-10, -9.8345e-10,
         -9.8345e-10],
        [-9.8345e-10, -9.8345e-10, -9.8345e-10, -9.8345e-10, -9.8345e-10,
         -9.8345e-10, -9.8345e-10, -9.8345e-10, -9.8345e-10, -9.8345e-10,
         -9.8345e-10, -9.8345e-10, -9.8345e-10, -9.8345e-10, -9.8345e-10,
         -9.8345e-10, -9.8345e-10, -9.8345e-10, -9.8345e-10, -9.8345e-10,
         -9.8345e-10],
        [-9.8345e-10, -9.8345e-10, -9.8345e-10, -9.8345e-10, -9.8345e-10,
         -9.8345e-10, -9.8345e-10, -9.8345e-10, -9.8345e-10, -9.8345e-10,
         -9.8345e-10, -9.8345e-10, -9.8345e-10, -9.8345e-10, -9.8345e-10,
         -9.8345e-10, -9.8345e-10, -9.8345e-10, -9.8345e-10, -9.8345e-10,
         -9.8345e-10],
        [-9.8345e-10, -9.8345e-10, -9.8345e-10, -9.8345e-10, -9.8345e-10,
         -9.8345e-10, -9.8345e-10, -9.8345e-10, -9.8345e-10, -9.8345e-10,
         -9.8345e-10, -9.8345e-10, -9.8345e-10, -9.8345e-10, -9.8345e-10,
         -9.8345e-10, -9.8345e-10, -9.8345e-10, -9.8345e-10, -9.8345e-10,
         -9.8345e-10],
        [-9.8345e-10, -9.8345e-10, -9.8345e-10, -9.8345e-10, -9.8345e-10,
         -9.8345e-10, -9.8345e-10, -9.8345e-10, -9.8345e-10, -9.8345e-10,
         -9.8345e-10, -9.8345e-10, -9.8345e-10, -9.8345e-10, -9.8345e-10,
         -9.8345e-10, -9.8345e-10, -9.8345e-10, -9.8345e-10, -9.8345e-10,
         -9.8345e-10],
        [-9.8345e-10, -9.8345e-10, -9.8345e-10, -9.8345e-10, -9.8345e-10,
         -9.8345e-10, -9.8345e-10, -9.8345e-10, -9.8345e-10, -9.8345e-10,
         -9.8345e-10, -9.8345e-10, -9.8345e-10, -9.8345e-10, -9.8345e-10,
         -9.8345e-10, -9.8345e-10, -9.8345e-10, -9.8345e-10, -9.8345e-10,
         -9.8345e-10],
        [-9.8345e-10, -9.8345e-10, -9.8345e-10, -9.8345e-10, -9.8345e-10,
         -9.8345e-10, -9.8345e-10, -9.8345e-10, -9.8345e-10, -9.8345e-10,
         -9.8345e-10, -9.8345e-10, -9.8345e-10, -9.8345e-10, -9.8345e-10,
         -9.8345e-10, -9.8345e-10, -9.8345e-10, -9.8345e-10, -9.8345e-10,
         -9.8345e-10],
        [-9.8345e-10, -9.8345e-10, -9.8345e-10, -9.8345e-10, -9.8345e-10,
         -9.8345e-10, -9.8345e-10, -9.8345e-10, -9.8345e-10, -9.8345e-10,
         -9.8345e-10, -9.8345e-10, -9.8345e-10, -9.8345e-10, -9.8345e-10,
         -9.8345e-10, -9.8345e-10, -9.8345e-10, -9.8345e-10, -9.8345e-10,
         -9.8345e-10],
        [-9.8345e-10, -9.8345e-10, -9.8345e-10, -9.8345e-10, -9.8345e-10,
         -9.8345e-10, -9.8345e-10, -9.8345e-10, -9.8345e-10, -9.8345e-10,
         -9.8345e-10, -9.8345e-10, -9.8345e-10, -9.8345e-10, -9.8345e-10,
         -9.8345e-10, -9.8345e-10, -9.8345e-10, -9.8345e-10, -9.8345e-10,
         -9.8345e-10],
        [-9.8345e-10, -9.8345e-10, -9.8345e-10, -9.8345e-10, -9.8345e-10,
         -9.8345e-10, -9.8345e-10, -9.8345e-10, -9.8345e-10, -9.8345e-10,
         -9.8345e-10, -9.8345e-10, -9.8345e-10, -9.8345e-10, -9.8345e-10,
         -9.8345e-10, -9.8345e-10, -9.8345e-10, -9.8345e-10, -9.8345e-10,
         -9.8345e-10]])
tensor([-9.8345e-10, -9.8345e-10, -9.8345e-10, -9.8345e-10, -9.8345e-10,
        -9.8345e-10, -9.8345e-10, -9.8345e-10, -9.8345e-10, -9.8345e-10,
        -9.8345e-10, -9.8345e-10, -9.8345e-10, -9.8345e-10, -9.8345e-10,
        -9.8345e-10, -9.8345e-10, -9.8345e-10, -9.8345e-10, -9.8345e-10,
        -9.8345e-10])
[Layer 8]
tensor([[-0.0007, -0.0007, -0.0007, -0.0007, -0.0007, -0.0007, -0.0007, -0.0007,
         -0.0007, -0.0007, -0.0007, -0.0007, -0.0007, -0.0007, -0.0007, -0.0007,
         -0.0007, -0.0007, -0.0007, -0.0007, -0.0007],
        [-0.0007, -0.0007, -0.0007, -0.0007, -0.0007, -0.0007, -0.0007, -0.0007,
         -0.0007, -0.0007, -0.0007, -0.0007, -0.0007, -0.0007, -0.0007, -0.0007,
         -0.0007, -0.0007, -0.0007, -0.0007, -0.0007],
        [-0.0007, -0.0007, -0.0007, -0.0007, -0.0007, -0.0007, -0.0007, -0.0007,
         -0.0007, -0.0007, -0.0007, -0.0007, -0.0007, -0.0007, -0.0007, -0.0007,
         -0.0007, -0.0007, -0.0007, -0.0007, -0.0007],
        [-0.0007, -0.0007, -0.0007, -0.0007, -0.0007, -0.0007, -0.0007, -0.0007,
         -0.0007, -0.0007, -0.0007, -0.0007, -0.0007, -0.0007, -0.0007, -0.0007,
         -0.0007, -0.0007, -0.0007, -0.0007, -0.0007],
        [-0.0007, -0.0007, -0.0007, -0.0007, -0.0007, -0.0007, -0.0007, -0.0007,
         -0.0007, -0.0007, -0.0007, -0.0007, -0.0007, -0.0007, -0.0007, -0.0007,
         -0.0007, -0.0007, -0.0007, -0.0007, -0.0007],
        [-0.0007, -0.0007, -0.0007, -0.0007, -0.0007, -0.0007, -0.0007, -0.0007,
         -0.0007, -0.0007, -0.0007, -0.0007, -0.0007, -0.0007, -0.0007, -0.0007,
         -0.0007, -0.0007, -0.0007, -0.0007, -0.0007],
        [-0.0007, -0.0007, -0.0007, -0.0007, -0.0007, -0.0007, -0.0007, -0.0007,
         -0.0007, -0.0007, -0.0007, -0.0007, -0.0007, -0.0007, -0.0007, -0.0007,
         -0.0007, -0.0007, -0.0007, -0.0007, -0.0007],
        [-0.0007, -0.0007, -0.0007, -0.0007, -0.0007, -0.0007, -0.0007, -0.0007,
         -0.0007, -0.0007, -0.0007, -0.0007, -0.0007, -0.0007, -0.0007, -0.0007,
         -0.0007, -0.0007, -0.0007, -0.0007, -0.0007],
        [-0.0007, -0.0007, -0.0007, -0.0007, -0.0007, -0.0007, -0.0007, -0.0007,
         -0.0007, -0.0007, -0.0007, -0.0007, -0.0007, -0.0007, -0.0007, -0.0007,
         -0.0007, -0.0007, -0.0007, -0.0007, -0.0007],
        [-0.0007, -0.0007, -0.0007, -0.0007, -0.0007, -0.0007, -0.0007, -0.0007,
         -0.0007, -0.0007, -0.0007, -0.0007, -0.0007, -0.0007, -0.0007, -0.0007,
         -0.0007, -0.0007, -0.0007, -0.0007, -0.0007],
        [-0.0007, -0.0007, -0.0007, -0.0007, -0.0007, -0.0007, -0.0007, -0.0007,
         -0.0007, -0.0007, -0.0007, -0.0007, -0.0007, -0.0007, -0.0007, -0.0007,
         -0.0007, -0.0007, -0.0007, -0.0007, -0.0007],
        [-0.0007, -0.0007, -0.0007, -0.0007, -0.0007, -0.0007, -0.0007, -0.0007,
         -0.0007, -0.0007, -0.0007, -0.0007, -0.0007, -0.0007, -0.0007, -0.0007,
         -0.0007, -0.0007, -0.0007, -0.0007, -0.0007],
        [-0.0007, -0.0007, -0.0007, -0.0007, -0.0007, -0.0007, -0.0007, -0.0007,
         -0.0007, -0.0007, -0.0007, -0.0007, -0.0007, -0.0007, -0.0007, -0.0007,
         -0.0007, -0.0007, -0.0007, -0.0007, -0.0007],
        [-0.0007, -0.0007, -0.0007, -0.0007, -0.0007, -0.0007, -0.0007, -0.0007,
         -0.0007, -0.0007, -0.0007, -0.0007, -0.0007, -0.0007, -0.0007, -0.0007,
         -0.0007, -0.0007, -0.0007, -0.0007, -0.0007],
        [-0.0007, -0.0007, -0.0007, -0.0007, -0.0007, -0.0007, -0.0007, -0.0007,
         -0.0007, -0.0007, -0.0007, -0.0007, -0.0007, -0.0007, -0.0007, -0.0007,
         -0.0007, -0.0007, -0.0007, -0.0007, -0.0007],
        [-0.0007, -0.0007, -0.0007, -0.0007, -0.0007, -0.0007, -0.0007, -0.0007,
         -0.0007, -0.0007, -0.0007, -0.0007, -0.0007, -0.0007, -0.0007, -0.0007,
         -0.0007, -0.0007, -0.0007, -0.0007, -0.0007],
        [-0.0007, -0.0007, -0.0007, -0.0007, -0.0007, -0.0007, -0.0007, -0.0007,
         -0.0007, -0.0007, -0.0007, -0.0007, -0.0007, -0.0007, -0.0007, -0.0007,
         -0.0007, -0.0007, -0.0007, -0.0007, -0.0007],
        [-0.0007, -0.0007, -0.0007, -0.0007, -0.0007, -0.0007, -0.0007, -0.0007,
         -0.0007, -0.0007, -0.0007, -0.0007, -0.0007, -0.0007, -0.0007, -0.0007,
         -0.0007, -0.0007, -0.0007, -0.0007, -0.0007],
        [-0.0007, -0.0007, -0.0007, -0.0007, -0.0007, -0.0007, -0.0007, -0.0007,
         -0.0007, -0.0007, -0.0007, -0.0007, -0.0007, -0.0007, -0.0007, -0.0007,
         -0.0007, -0.0007, -0.0007, -0.0007, -0.0007],
        [-0.0007, -0.0007, -0.0007, -0.0007, -0.0007, -0.0007, -0.0007, -0.0007,
         -0.0007, -0.0007, -0.0007, -0.0007, -0.0007, -0.0007, -0.0007, -0.0007,
         -0.0007, -0.0007, -0.0007, -0.0007, -0.0007],
        [-0.0007, -0.0007, -0.0007, -0.0007, -0.0007, -0.0007, -0.0007, -0.0007,
         -0.0007, -0.0007, -0.0007, -0.0007, -0.0007, -0.0007, -0.0007, -0.0007,
         -0.0007, -0.0007, -0.0007, -0.0007, -0.0007]])
tensor([-0.0007, -0.0007, -0.0007, -0.0007, -0.0007, -0.0007, -0.0007, -0.0007,
        -0.0007, -0.0007, -0.0007, -0.0007, -0.0007, -0.0007, -0.0007, -0.0007,
        -0.0007, -0.0007, -0.0007, -0.0007, -0.0007])
[Layer 9]
tensor([[1.5004],
        [1.5004],
        [1.5004],
        [1.5004],
        [1.5004],
        [1.5004],
        [1.5004],
        [1.5004],
        [1.5004],
        [1.5004],
        [1.5004],
        [1.5004],
        [1.5004],
        [1.5004],
        [1.5004],
        [1.5004],
        [1.5004],
        [1.5004],
        [1.5004],
        [1.5004],
        [1.5004]])
tensor(1.5004)
