[Layer 0]
tensor([[0., 0., 0., 0., 0., 0., 0., 0., 0., 0., 0., 0., 0., 0., 0., 0., 0., 0., 0., 0., 0.],
        [0., 0., 0., 0., 0., 0., 0., 0., 0., 0., 0., 0., 0., 0., 0., 0., 0., 0., 0., 0., 0.],
        [0., 0., 0., 0., 0., 0., 0., 0., 0., 0., 0., 0., 0., 0., 0., 0., 0., 0., 0., 0., 0.],
        [0., 0., 0., 0., 0., 0., 0., 0., 0., 0., 0., 0., 0., 0., 0., 0., 0., 0., 0., 0., 0.],
        [0., 0., 0., 0., 0., 0., 0., 0., 0., 0., 0., 0., 0., 0., 0., 0., 0., 0., 0., 0., 0.],
        [0., 0., 0., 0., 0., 0., 0., 0., 0., 0., 0., 0., 0., 0., 0., 0., 0., 0., 0., 0., 0.],
        [0., 0., 0., 0., 0., 0., 0., 0., 0., 0., 0., 0., 0., 0., 0., 0., 0., 0., 0., 0., 0.],
        [0., 0., 0., 0., 0., 0., 0., 0., 0., 0., 0., 0., 0., 0., 0., 0., 0., 0., 0., 0., 0.],
        [0., 0., 0., 0., 0., 0., 0., 0., 0., 0., 0., 0., 0., 0., 0., 0., 0., 0., 0., 0., 0.],
        [0., 0., 0., 0., 0., 0., 0., 0., 0., 0., 0., 0., 0., 0., 0., 0., 0., 0., 0., 0., 0.]])
tensor([0., 0., 0., 0., 0., 0., 0., 0., 0., 0., 0., 0., 0., 0., 0., 0., 0., 0., 0., 0., 0.])
[Layer 1]
tensor([[0., 0., 0., 0., 0., 0., 0., 0., 0., 0., 0., 0., 0., 0., 0., 0., 0., 0., 0., 0., 0.],
        [0., 0., 0., 0., 0., 0., 0., 0., 0., 0., 0., 0., 0., 0., 0., 0., 0., 0., 0., 0., 0.],
        [0., 0., 0., 0., 0., 0., 0., 0., 0., 0., 0., 0., 0., 0., 0., 0., 0., 0., 0., 0., 0.],
        [0., 0., 0., 0., 0., 0., 0., 0., 0., 0., 0., 0., 0., 0., 0., 0., 0., 0., 0., 0., 0.],
        [0., 0., 0., 0., 0., 0., 0., 0., 0., 0., 0., 0., 0., 0., 0., 0., 0., 0., 0., 0., 0.],
        [0., 0., 0., 0., 0., 0., 0., 0., 0., 0., 0., 0., 0., 0., 0., 0., 0., 0., 0., 0., 0.],
        [0., 0., 0., 0., 0., 0., 0., 0., 0., 0., 0., 0., 0., 0., 0., 0., 0., 0., 0., 0., 0.],
        [0., 0., 0., 0., 0., 0., 0., 0., 0., 0., 0., 0., 0., 0., 0., 0., 0., 0., 0., 0., 0.],
        [0., 0., 0., 0., 0., 0., 0., 0., 0., 0., 0., 0., 0., 0., 0., 0., 0., 0., 0., 0., 0.],
        [0., 0., 0., 0., 0., 0., 0., 0., 0., 0., 0., 0., 0., 0., 0., 0., 0., 0., 0., 0., 0.],
        [0., 0., 0., 0., 0., 0., 0., 0., 0., 0., 0., 0., 0., 0., 0., 0., 0., 0., 0., 0., 0.],
        [0., 0., 0., 0., 0., 0., 0., 0., 0., 0., 0., 0., 0., 0., 0., 0., 0., 0., 0., 0., 0.],
        [0., 0., 0., 0., 0., 0., 0., 0., 0., 0., 0., 0., 0., 0., 0., 0., 0., 0., 0., 0., 0.],
        [0., 0., 0., 0., 0., 0., 0., 0., 0., 0., 0., 0., 0., 0., 0., 0., 0., 0., 0., 0., 0.],
        [0., 0., 0., 0., 0., 0., 0., 0., 0., 0., 0., 0., 0., 0., 0., 0., 0., 0., 0., 0., 0.],
        [0., 0., 0., 0., 0., 0., 0., 0., 0., 0., 0., 0., 0., 0., 0., 0., 0., 0., 0., 0., 0.],
        [0., 0., 0., 0., 0., 0., 0., 0., 0., 0., 0., 0., 0., 0., 0., 0., 0., 0., 0., 0., 0.],
        [0., 0., 0., 0., 0., 0., 0., 0., 0., 0., 0., 0., 0., 0., 0., 0., 0., 0., 0., 0., 0.],
        [0., 0., 0., 0., 0., 0., 0., 0., 0., 0., 0., 0., 0., 0., 0., 0., 0., 0., 0., 0., 0.],
        [0., 0., 0., 0., 0., 0., 0., 0., 0., 0., 0., 0., 0., 0., 0., 0., 0., 0., 0., 0., 0.],
        [0., 0., 0., 0., 0., 0., 0., 0., 0., 0., 0., 0., 0., 0., 0., 0., 0., 0., 0., 0., 0.]])
tensor([0., 0., 0., 0., 0., 0., 0., 0., 0., 0., 0., 0., 0., 0., 0., 0., 0., 0., 0., 0., 0.])
[Layer 2]
tensor([[0., 0., 0., 0., 0., 0., 0., 0., 0., 0., 0., 0., 0., 0., 0., 0., 0., 0., 0., 0., 0.],
        [0., 0., 0., 0., 0., 0., 0., 0., 0., 0., 0., 0., 0., 0., 0., 0., 0., 0., 0., 0., 0.],
        [0., 0., 0., 0., 0., 0., 0., 0., 0., 0., 0., 0., 0., 0., 0., 0., 0., 0., 0., 0., 0.],
        [0., 0., 0., 0., 0., 0., 0., 0., 0., 0., 0., 0., 0., 0., 0., 0., 0., 0., 0., 0., 0.],
        [0., 0., 0., 0., 0., 0., 0., 0., 0., 0., 0., 0., 0., 0., 0., 0., 0., 0., 0., 0., 0.],
        [0., 0., 0., 0., 0., 0., 0., 0., 0., 0., 0., 0., 0., 0., 0., 0., 0., 0., 0., 0., 0.],
        [0., 0., 0., 0., 0., 0., 0., 0., 0., 0., 0., 0., 0., 0., 0., 0., 0., 0., 0., 0., 0.],
        [0., 0., 0., 0., 0., 0., 0., 0., 0., 0., 0., 0., 0., 0., 0., 0., 0., 0., 0., 0., 0.],
        [0., 0., 0., 0., 0., 0., 0., 0., 0., 0., 0., 0., 0., 0., 0., 0., 0., 0., 0., 0., 0.],
        [0., 0., 0., 0., 0., 0., 0., 0., 0., 0., 0., 0., 0., 0., 0., 0., 0., 0., 0., 0., 0.],
        [0., 0., 0., 0., 0., 0., 0., 0., 0., 0., 0., 0., 0., 0., 0., 0., 0., 0., 0., 0., 0.],
        [0., 0., 0., 0., 0., 0., 0., 0., 0., 0., 0., 0., 0., 0., 0., 0., 0., 0., 0., 0., 0.],
        [0., 0., 0., 0., 0., 0., 0., 0., 0., 0., 0., 0., 0., 0., 0., 0., 0., 0., 0., 0., 0.],
        [0., 0., 0., 0., 0., 0., 0., 0., 0., 0., 0., 0., 0., 0., 0., 0., 0., 0., 0., 0., 0.],
        [0., 0., 0., 0., 0., 0., 0., 0., 0., 0., 0., 0., 0., 0., 0., 0., 0., 0., 0., 0., 0.],
        [0., 0., 0., 0., 0., 0., 0., 0., 0., 0., 0., 0., 0., 0., 0., 0., 0., 0., 0., 0., 0.],
        [0., 0., 0., 0., 0., 0., 0., 0., 0., 0., 0., 0., 0., 0., 0., 0., 0., 0., 0., 0., 0.],
        [0., 0., 0., 0., 0., 0., 0., 0., 0., 0., 0., 0., 0., 0., 0., 0., 0., 0., 0., 0., 0.],
        [0., 0., 0., 0., 0., 0., 0., 0., 0., 0., 0., 0., 0., 0., 0., 0., 0., 0., 0., 0., 0.],
        [0., 0., 0., 0., 0., 0., 0., 0., 0., 0., 0., 0., 0., 0., 0., 0., 0., 0., 0., 0., 0.],
        [0., 0., 0., 0., 0., 0., 0., 0., 0., 0., 0., 0., 0., 0., 0., 0., 0., 0., 0., 0., 0.]])
tensor([0., 0., 0., 0., 0., 0., 0., 0., 0., 0., 0., 0., 0., 0., 0., 0., 0., 0., 0., 0., 0.])
[Layer 3]
tensor([[0., 0., 0., 0., 0., 0., 0., 0., 0., 0., 0., 0., 0., 0., 0., 0., 0., 0., 0., 0., 0.],
        [0., 0., 0., 0., 0., 0., 0., 0., 0., 0., 0., 0., 0., 0., 0., 0., 0., 0., 0., 0., 0.],
        [0., 0., 0., 0., 0., 0., 0., 0., 0., 0., 0., 0., 0., 0., 0., 0., 0., 0., 0., 0., 0.],
        [0., 0., 0., 0., 0., 0., 0., 0., 0., 0., 0., 0., 0., 0., 0., 0., 0., 0., 0., 0., 0.],
        [0., 0., 0., 0., 0., 0., 0., 0., 0., 0., 0., 0., 0., 0., 0., 0., 0., 0., 0., 0., 0.],
        [0., 0., 0., 0., 0., 0., 0., 0., 0., 0., 0., 0., 0., 0., 0., 0., 0., 0., 0., 0., 0.],
        [0., 0., 0., 0., 0., 0., 0., 0., 0., 0., 0., 0., 0., 0., 0., 0., 0., 0., 0., 0., 0.],
        [0., 0., 0., 0., 0., 0., 0., 0., 0., 0., 0., 0., 0., 0., 0., 0., 0., 0., 0., 0., 0.],
        [0., 0., 0., 0., 0., 0., 0., 0., 0., 0., 0., 0., 0., 0., 0., 0., 0., 0., 0., 0., 0.],
        [0., 0., 0., 0., 0., 0., 0., 0., 0., 0., 0., 0., 0., 0., 0., 0., 0., 0., 0., 0., 0.],
        [0., 0., 0., 0., 0., 0., 0., 0., 0., 0., 0., 0., 0., 0., 0., 0., 0., 0., 0., 0., 0.],
        [0., 0., 0., 0., 0., 0., 0., 0., 0., 0., 0., 0., 0., 0., 0., 0., 0., 0., 0., 0., 0.],
        [0., 0., 0., 0., 0., 0., 0., 0., 0., 0., 0., 0., 0., 0., 0., 0., 0., 0., 0., 0., 0.],
        [0., 0., 0., 0., 0., 0., 0., 0., 0., 0., 0., 0., 0., 0., 0., 0., 0., 0., 0., 0., 0.],
        [0., 0., 0., 0., 0., 0., 0., 0., 0., 0., 0., 0., 0., 0., 0., 0., 0., 0., 0., 0., 0.],
        [0., 0., 0., 0., 0., 0., 0., 0., 0., 0., 0., 0., 0., 0., 0., 0., 0., 0., 0., 0., 0.],
        [0., 0., 0., 0., 0., 0., 0., 0., 0., 0., 0., 0., 0., 0., 0., 0., 0., 0., 0., 0., 0.],
        [0., 0., 0., 0., 0., 0., 0., 0., 0., 0., 0., 0., 0., 0., 0., 0., 0., 0., 0., 0., 0.],
        [0., 0., 0., 0., 0., 0., 0., 0., 0., 0., 0., 0., 0., 0., 0., 0., 0., 0., 0., 0., 0.],
        [0., 0., 0., 0., 0., 0., 0., 0., 0., 0., 0., 0., 0., 0., 0., 0., 0., 0., 0., 0., 0.],
        [0., 0., 0., 0., 0., 0., 0., 0., 0., 0., 0., 0., 0., 0., 0., 0., 0., 0., 0., 0., 0.]])
tensor([0., 0., 0., 0., 0., 0., 0., 0., 0., 0., 0., 0., 0., 0., 0., 0., 0., 0., 0., 0., 0.])
[Layer 4]
tensor([[0., 0., 0., 0., 0., 0., 0., 0., 0., 0., 0., 0., 0., 0., 0., 0., 0., 0., 0., 0., 0.],
        [0., 0., 0., 0., 0., 0., 0., 0., 0., 0., 0., 0., 0., 0., 0., 0., 0., 0., 0., 0., 0.],
        [0., 0., 0., 0., 0., 0., 0., 0., 0., 0., 0., 0., 0., 0., 0., 0., 0., 0., 0., 0., 0.],
        [0., 0., 0., 0., 0., 0., 0., 0., 0., 0., 0., 0., 0., 0., 0., 0., 0., 0., 0., 0., 0.],
        [0., 0., 0., 0., 0., 0., 0., 0., 0., 0., 0., 0., 0., 0., 0., 0., 0., 0., 0., 0., 0.],
        [0., 0., 0., 0., 0., 0., 0., 0., 0., 0., 0., 0., 0., 0., 0., 0., 0., 0., 0., 0., 0.],
        [0., 0., 0., 0., 0., 0., 0., 0., 0., 0., 0., 0., 0., 0., 0., 0., 0., 0., 0., 0., 0.],
        [0., 0., 0., 0., 0., 0., 0., 0., 0., 0., 0., 0., 0., 0., 0., 0., 0., 0., 0., 0., 0.],
        [0., 0., 0., 0., 0., 0., 0., 0., 0., 0., 0., 0., 0., 0., 0., 0., 0., 0., 0., 0., 0.],
        [0., 0., 0., 0., 0., 0., 0., 0., 0., 0., 0., 0., 0., 0., 0., 0., 0., 0., 0., 0., 0.],
        [0., 0., 0., 0., 0., 0., 0., 0., 0., 0., 0., 0., 0., 0., 0., 0., 0., 0., 0., 0., 0.],
        [0., 0., 0., 0., 0., 0., 0., 0., 0., 0., 0., 0., 0., 0., 0., 0., 0., 0., 0., 0., 0.],
        [0., 0., 0., 0., 0., 0., 0., 0., 0., 0., 0., 0., 0., 0., 0., 0., 0., 0., 0., 0., 0.],
        [0., 0., 0., 0., 0., 0., 0., 0., 0., 0., 0., 0., 0., 0., 0., 0., 0., 0., 0., 0., 0.],
        [0., 0., 0., 0., 0., 0., 0., 0., 0., 0., 0., 0., 0., 0., 0., 0., 0., 0., 0., 0., 0.],
        [0., 0., 0., 0., 0., 0., 0., 0., 0., 0., 0., 0., 0., 0., 0., 0., 0., 0., 0., 0., 0.],
        [0., 0., 0., 0., 0., 0., 0., 0., 0., 0., 0., 0., 0., 0., 0., 0., 0., 0., 0., 0., 0.],
        [0., 0., 0., 0., 0., 0., 0., 0., 0., 0., 0., 0., 0., 0., 0., 0., 0., 0., 0., 0., 0.],
        [0., 0., 0., 0., 0., 0., 0., 0., 0., 0., 0., 0., 0., 0., 0., 0., 0., 0., 0., 0., 0.],
        [0., 0., 0., 0., 0., 0., 0., 0., 0., 0., 0., 0., 0., 0., 0., 0., 0., 0., 0., 0., 0.],
        [0., 0., 0., 0., 0., 0., 0., 0., 0., 0., 0., 0., 0., 0., 0., 0., 0., 0., 0., 0., 0.]])
tensor([0., 0., 0., 0., 0., 0., 0., 0., 0., 0., 0., 0., 0., 0., 0., 0., 0., 0., 0., 0., 0.])
[Layer 5]
tensor([[0., 0., 0., 0., 0., 0., 0., 0., 0., 0., 0., 0., 0., 0., 0., 0., 0., 0., 0., 0., 0.],
        [0., 0., 0., 0., 0., 0., 0., 0., 0., 0., 0., 0., 0., 0., 0., 0., 0., 0., 0., 0., 0.],
        [0., 0., 0., 0., 0., 0., 0., 0., 0., 0., 0., 0., 0., 0., 0., 0., 0., 0., 0., 0., 0.],
        [0., 0., 0., 0., 0., 0., 0., 0., 0., 0., 0., 0., 0., 0., 0., 0., 0., 0., 0., 0., 0.],
        [0., 0., 0., 0., 0., 0., 0., 0., 0., 0., 0., 0., 0., 0., 0., 0., 0., 0., 0., 0., 0.],
        [0., 0., 0., 0., 0., 0., 0., 0., 0., 0., 0., 0., 0., 0., 0., 0., 0., 0., 0., 0., 0.],
        [0., 0., 0., 0., 0., 0., 0., 0., 0., 0., 0., 0., 0., 0., 0., 0., 0., 0., 0., 0., 0.],
        [0., 0., 0., 0., 0., 0., 0., 0., 0., 0., 0., 0., 0., 0., 0., 0., 0., 0., 0., 0., 0.],
        [0., 0., 0., 0., 0., 0., 0., 0., 0., 0., 0., 0., 0., 0., 0., 0., 0., 0., 0., 0., 0.],
        [0., 0., 0., 0., 0., 0., 0., 0., 0., 0., 0., 0., 0., 0., 0., 0., 0., 0., 0., 0., 0.],
        [0., 0., 0., 0., 0., 0., 0., 0., 0., 0., 0., 0., 0., 0., 0., 0., 0., 0., 0., 0., 0.],
        [0., 0., 0., 0., 0., 0., 0., 0., 0., 0., 0., 0., 0., 0., 0., 0., 0., 0., 0., 0., 0.],
        [0., 0., 0., 0., 0., 0., 0., 0., 0., 0., 0., 0., 0., 0., 0., 0., 0., 0., 0., 0., 0.],
        [0., 0., 0., 0., 0., 0., 0., 0., 0., 0., 0., 0., 0., 0., 0., 0., 0., 0., 0., 0., 0.],
        [0., 0., 0., 0., 0., 0., 0., 0., 0., 0., 0., 0., 0., 0., 0., 0., 0., 0., 0., 0., 0.],
        [0., 0., 0., 0., 0., 0., 0., 0., 0., 0., 0., 0., 0., 0., 0., 0., 0., 0., 0., 0., 0.],
        [0., 0., 0., 0., 0., 0., 0., 0., 0., 0., 0., 0., 0., 0., 0., 0., 0., 0., 0., 0., 0.],
        [0., 0., 0., 0., 0., 0., 0., 0., 0., 0., 0., 0., 0., 0., 0., 0., 0., 0., 0., 0., 0.],
        [0., 0., 0., 0., 0., 0., 0., 0., 0., 0., 0., 0., 0., 0., 0., 0., 0., 0., 0., 0., 0.],
        [0., 0., 0., 0., 0., 0., 0., 0., 0., 0., 0., 0., 0., 0., 0., 0., 0., 0., 0., 0., 0.],
        [0., 0., 0., 0., 0., 0., 0., 0., 0., 0., 0., 0., 0., 0., 0., 0., 0., 0., 0., 0., 0.]])
tensor([0., 0., 0., 0., 0., 0., 0., 0., 0., 0., 0., 0., 0., 0., 0., 0., 0., 0., 0., 0., 0.])
[Layer 6]
tensor([[-6.5604e-21, -6.5604e-21, -6.5604e-21, -6.5604e-21, -6.5604e-21,
         -6.5604e-21, -6.5604e-21, -6.5604e-21, -6.5604e-21, -6.5604e-21,
         -6.5604e-21, -6.5604e-21, -6.5604e-21, -6.5604e-21, -6.5604e-21,
         -6.5604e-21, -6.5604e-21, -6.5604e-21, -6.5604e-21, -6.5604e-21,
         -6.5604e-21],
        [-6.5604e-21, -6.5604e-21, -6.5604e-21, -6.5604e-21, -6.5604e-21,
         -6.5604e-21, -6.5604e-21, -6.5604e-21, -6.5604e-21, -6.5604e-21,
         -6.5604e-21, -6.5604e-21, -6.5604e-21, -6.5604e-21, -6.5604e-21,
         -6.5604e-21, -6.5604e-21, -6.5604e-21, -6.5604e-21, -6.5604e-21,
         -6.5604e-21],
        [-6.5604e-21, -6.5604e-21, -6.5604e-21, -6.5604e-21, -6.5604e-21,
         -6.5604e-21, -6.5604e-21, -6.5604e-21, -6.5604e-21, -6.5604e-21,
         -6.5604e-21, -6.5604e-21, -6.5604e-21, -6.5604e-21, -6.5604e-21,
         -6.5604e-21, -6.5604e-21, -6.5604e-21, -6.5604e-21, -6.5604e-21,
         -6.5604e-21],
        [-6.5604e-21, -6.5604e-21, -6.5604e-21, -6.5604e-21, -6.5604e-21,
         -6.5604e-21, -6.5604e-21, -6.5604e-21, -6.5604e-21, -6.5604e-21,
         -6.5604e-21, -6.5604e-21, -6.5604e-21, -6.5604e-21, -6.5604e-21,
         -6.5604e-21, -6.5604e-21, -6.5604e-21, -6.5604e-21, -6.5604e-21,
         -6.5604e-21],
        [-6.5604e-21, -6.5604e-21, -6.5604e-21, -6.5604e-21, -6.5604e-21,
         -6.5604e-21, -6.5604e-21, -6.5604e-21, -6.5604e-21, -6.5604e-21,
         -6.5604e-21, -6.5604e-21, -6.5604e-21, -6.5604e-21, -6.5604e-21,
         -6.5604e-21, -6.5604e-21, -6.5604e-21, -6.5604e-21, -6.5604e-21,
         -6.5604e-21],
        [-6.5604e-21, -6.5604e-21, -6.5604e-21, -6.5604e-21, -6.5604e-21,
         -6.5604e-21, -6.5604e-21, -6.5604e-21, -6.5604e-21, -6.5604e-21,
         -6.5604e-21, -6.5604e-21, -6.5604e-21, -6.5604e-21, -6.5604e-21,
         -6.5604e-21, -6.5604e-21, -6.5604e-21, -6.5604e-21, -6.5604e-21,
         -6.5604e-21],
        [-6.5604e-21, -6.5604e-21, -6.5604e-21, -6.5604e-21, -6.5604e-21,
         -6.5604e-21, -6.5604e-21, -6.5604e-21, -6.5604e-21, -6.5604e-21,
         -6.5604e-21, -6.5604e-21, -6.5604e-21, -6.5604e-21, -6.5604e-21,
         -6.5604e-21, -6.5604e-21, -6.5604e-21, -6.5604e-21, -6.5604e-21,
         -6.5604e-21],
        [-6.5604e-21, -6.5604e-21, -6.5604e-21, -6.5604e-21, -6.5604e-21,
         -6.5604e-21, -6.5604e-21, -6.5604e-21, -6.5604e-21, -6.5604e-21,
         -6.5604e-21, -6.5604e-21, -6.5604e-21, -6.5604e-21, -6.5604e-21,
         -6.5604e-21, -6.5604e-21, -6.5604e-21, -6.5604e-21, -6.5604e-21,
         -6.5604e-21],
        [-6.5604e-21, -6.5604e-21, -6.5604e-21, -6.5604e-21, -6.5604e-21,
         -6.5604e-21, -6.5604e-21, -6.5604e-21, -6.5604e-21, -6.5604e-21,
         -6.5604e-21, -6.5604e-21, -6.5604e-21, -6.5604e-21, -6.5604e-21,
         -6.5604e-21, -6.5604e-21, -6.5604e-21, -6.5604e-21, -6.5604e-21,
         -6.5604e-21],
        [-6.5604e-21, -6.5604e-21, -6.5604e-21, -6.5604e-21, -6.5604e-21,
         -6.5604e-21, -6.5604e-21, -6.5604e-21, -6.5604e-21, -6.5604e-21,
         -6.5604e-21, -6.5604e-21, -6.5604e-21, -6.5604e-21, -6.5604e-21,
         -6.5604e-21, -6.5604e-21, -6.5604e-21, -6.5604e-21, -6.5604e-21,
         -6.5604e-21],
        [-6.5604e-21, -6.5604e-21, -6.5604e-21, -6.5604e-21, -6.5604e-21,
         -6.5604e-21, -6.5604e-21, -6.5604e-21, -6.5604e-21, -6.5604e-21,
         -6.5604e-21, -6.5604e-21, -6.5604e-21, -6.5604e-21, -6.5604e-21,
         -6.5604e-21, -6.5604e-21, -6.5604e-21, -6.5604e-21, -6.5604e-21,
         -6.5604e-21],
        [-6.5604e-21, -6.5604e-21, -6.5604e-21, -6.5604e-21, -6.5604e-21,
         -6.5604e-21, -6.5604e-21, -6.5604e-21, -6.5604e-21, -6.5604e-21,
         -6.5604e-21, -6.5604e-21, -6.5604e-21, -6.5604e-21, -6.5604e-21,
         -6.5604e-21, -6.5604e-21, -6.5604e-21, -6.5604e-21, -6.5604e-21,
         -6.5604e-21],
        [-6.5604e-21, -6.5604e-21, -6.5604e-21, -6.5604e-21, -6.5604e-21,
         -6.5604e-21, -6.5604e-21, -6.5604e-21, -6.5604e-21, -6.5604e-21,
         -6.5604e-21, -6.5604e-21, -6.5604e-21, -6.5604e-21, -6.5604e-21,
         -6.5604e-21, -6.5604e-21, -6.5604e-21, -6.5604e-21, -6.5604e-21,
         -6.5604e-21],
        [-6.5604e-21, -6.5604e-21, -6.5604e-21, -6.5604e-21, -6.5604e-21,
         -6.5604e-21, -6.5604e-21, -6.5604e-21, -6.5604e-21, -6.5604e-21,
         -6.5604e-21, -6.5604e-21, -6.5604e-21, -6.5604e-21, -6.5604e-21,
         -6.5604e-21, -6.5604e-21, -6.5604e-21, -6.5604e-21, -6.5604e-21,
         -6.5604e-21],
        [-6.5604e-21, -6.5604e-21, -6.5604e-21, -6.5604e-21, -6.5604e-21,
         -6.5604e-21, -6.5604e-21, -6.5604e-21, -6.5604e-21, -6.5604e-21,
         -6.5604e-21, -6.5604e-21, -6.5604e-21, -6.5604e-21, -6.5604e-21,
         -6.5604e-21, -6.5604e-21, -6.5604e-21, -6.5604e-21, -6.5604e-21,
         -6.5604e-21],
        [-6.5604e-21, -6.5604e-21, -6.5604e-21, -6.5604e-21, -6.5604e-21,
         -6.5604e-21, -6.5604e-21, -6.5604e-21, -6.5604e-21, -6.5604e-21,
         -6.5604e-21, -6.5604e-21, -6.5604e-21, -6.5604e-21, -6.5604e-21,
         -6.5604e-21, -6.5604e-21, -6.5604e-21, -6.5604e-21, -6.5604e-21,
         -6.5604e-21],
        [-6.5604e-21, -6.5604e-21, -6.5604e-21, -6.5604e-21, -6.5604e-21,
         -6.5604e-21, -6.5604e-21, -6.5604e-21, -6.5604e-21, -6.5604e-21,
         -6.5604e-21, -6.5604e-21, -6.5604e-21, -6.5604e-21, -6.5604e-21,
         -6.5604e-21, -6.5604e-21, -6.5604e-21, -6.5604e-21, -6.5604e-21,
         -6.5604e-21],
        [-6.5604e-21, -6.5604e-21, -6.5604e-21, -6.5604e-21, -6.5604e-21,
         -6.5604e-21, -6.5604e-21, -6.5604e-21, -6.5604e-21, -6.5604e-21,
         -6.5604e-21, -6.5604e-21, -6.5604e-21, -6.5604e-21, -6.5604e-21,
         -6.5604e-21, -6.5604e-21, -6.5604e-21, -6.5604e-21, -6.5604e-21,
         -6.5604e-21],
        [-6.5604e-21, -6.5604e-21, -6.5604e-21, -6.5604e-21, -6.5604e-21,
         -6.5604e-21, -6.5604e-21, -6.5604e-21, -6.5604e-21, -6.5604e-21,
         -6.5604e-21, -6.5604e-21, -6.5604e-21, -6.5604e-21, -6.5604e-21,
         -6.5604e-21, -6.5604e-21, -6.5604e-21, -6.5604e-21, -6.5604e-21,
         -6.5604e-21],
        [-6.5604e-21, -6.5604e-21, -6.5604e-21, -6.5604e-21, -6.5604e-21,
         -6.5604e-21, -6.5604e-21, -6.5604e-21, -6.5604e-21, -6.5604e-21,
         -6.5604e-21, -6.5604e-21, -6.5604e-21, -6.5604e-21, -6.5604e-21,
         -6.5604e-21, -6.5604e-21, -6.5604e-21, -6.5604e-21, -6.5604e-21,
         -6.5604e-21],
        [-6.5604e-21, -6.5604e-21, -6.5604e-21, -6.5604e-21, -6.5604e-21,
         -6.5604e-21, -6.5604e-21, -6.5604e-21, -6.5604e-21, -6.5604e-21,
         -6.5604e-21, -6.5604e-21, -6.5604e-21, -6.5604e-21, -6.5604e-21,
         -6.5604e-21, -6.5604e-21, -6.5604e-21, -6.5604e-21, -6.5604e-21,
         -6.5604e-21]])
tensor([-6.5604e-21, -6.5604e-21, -6.5604e-21, -6.5604e-21, -6.5604e-21,
        -6.5604e-21, -6.5604e-21, -6.5604e-21, -6.5604e-21, -6.5604e-21,
        -6.5604e-21, -6.5604e-21, -6.5604e-21, -6.5604e-21, -6.5604e-21,
        -6.5604e-21, -6.5604e-21, -6.5604e-21, -6.5604e-21, -6.5604e-21,
        -6.5604e-21])
[Layer 7]
tensor([[-2.5938e-09, -2.5938e-09, -2.5938e-09, -2.5938e-09, -2.5938e-09,
         -2.5938e-09, -2.5938e-09, -2.5938e-09, -2.5938e-09, -2.5938e-09,
         -2.5938e-09, -2.5938e-09, -2.5938e-09, -2.5938e-09, -2.5938e-09,
         -2.5938e-09, -2.5938e-09, -2.5938e-09, -2.5938e-09, -2.5938e-09,
         -2.5938e-09],
        [-2.5938e-09, -2.5938e-09, -2.5938e-09, -2.5938e-09, -2.5938e-09,
         -2.5938e-09, -2.5938e-09, -2.5938e-09, -2.5938e-09, -2.5938e-09,
         -2.5938e-09, -2.5938e-09, -2.5938e-09, -2.5938e-09, -2.5938e-09,
         -2.5938e-09, -2.5938e-09, -2.5938e-09, -2.5938e-09, -2.5938e-09,
         -2.5938e-09],
        [-2.5938e-09, -2.5938e-09, -2.5938e-09, -2.5938e-09, -2.5938e-09,
         -2.5938e-09, -2.5938e-09, -2.5938e-09, -2.5938e-09, -2.5938e-09,
         -2.5938e-09, -2.5938e-09, -2.5938e-09, -2.5938e-09, -2.5938e-09,
         -2.5938e-09, -2.5938e-09, -2.5938e-09, -2.5938e-09, -2.5938e-09,
         -2.5938e-09],
        [-2.5938e-09, -2.5938e-09, -2.5938e-09, -2.5938e-09, -2.5938e-09,
         -2.5938e-09, -2.5938e-09, -2.5938e-09, -2.5938e-09, -2.5938e-09,
         -2.5938e-09, -2.5938e-09, -2.5938e-09, -2.5938e-09, -2.5938e-09,
         -2.5938e-09, -2.5938e-09, -2.5938e-09, -2.5938e-09, -2.5938e-09,
         -2.5938e-09],
        [-2.5938e-09, -2.5938e-09, -2.5938e-09, -2.5938e-09, -2.5938e-09,
         -2.5938e-09, -2.5938e-09, -2.5938e-09, -2.5938e-09, -2.5938e-09,
         -2.5938e-09, -2.5938e-09, -2.5938e-09, -2.5938e-09, -2.5938e-09,
         -2.5938e-09, -2.5938e-09, -2.5938e-09, -2.5938e-09, -2.5938e-09,
         -2.5938e-09],
        [-2.5938e-09, -2.5938e-09, -2.5938e-09, -2.5938e-09, -2.5938e-09,
         -2.5938e-09, -2.5938e-09, -2.5938e-09, -2.5938e-09, -2.5938e-09,
         -2.5938e-09, -2.5938e-09, -2.5938e-09, -2.5938e-09, -2.5938e-09,
         -2.5938e-09, -2.5938e-09, -2.5938e-09, -2.5938e-09, -2.5938e-09,
         -2.5938e-09],
        [-2.5938e-09, -2.5938e-09, -2.5938e-09, -2.5938e-09, -2.5938e-09,
         -2.5938e-09, -2.5938e-09, -2.5938e-09, -2.5938e-09, -2.5938e-09,
         -2.5938e-09, -2.5938e-09, -2.5938e-09, -2.5938e-09, -2.5938e-09,
         -2.5938e-09, -2.5938e-09, -2.5938e-09, -2.5938e-09, -2.5938e-09,
         -2.5938e-09],
        [-2.5938e-09, -2.5938e-09, -2.5938e-09, -2.5938e-09, -2.5938e-09,
         -2.5938e-09, -2.5938e-09, -2.5938e-09, -2.5938e-09, -2.5938e-09,
         -2.5938e-09, -2.5938e-09, -2.5938e-09, -2.5938e-09, -2.5938e-09,
         -2.5938e-09, -2.5938e-09, -2.5938e-09, -2.5938e-09, -2.5938e-09,
         -2.5938e-09],
        [-2.5938e-09, -2.5938e-09, -2.5938e-09, -2.5938e-09, -2.5938e-09,
         -2.5938e-09, -2.5938e-09, -2.5938e-09, -2.5938e-09, -2.5938e-09,
         -2.5938e-09, -2.5938e-09, -2.5938e-09, -2.5938e-09, -2.5938e-09,
         -2.5938e-09, -2.5938e-09, -2.5938e-09, -2.5938e-09, -2.5938e-09,
         -2.5938e-09],
        [-2.5938e-09, -2.5938e-09, -2.5938e-09, -2.5938e-09, -2.5938e-09,
         -2.5938e-09, -2.5938e-09, -2.5938e-09, -2.5938e-09, -2.5938e-09,
         -2.5938e-09, -2.5938e-09, -2.5938e-09, -2.5938e-09, -2.5938e-09,
         -2.5938e-09, -2.5938e-09, -2.5938e-09, -2.5938e-09, -2.5938e-09,
         -2.5938e-09],
        [-2.5938e-09, -2.5938e-09, -2.5938e-09, -2.5938e-09, -2.5938e-09,
         -2.5938e-09, -2.5938e-09, -2.5938e-09, -2.5938e-09, -2.5938e-09,
         -2.5938e-09, -2.5938e-09, -2.5938e-09, -2.5938e-09, -2.5938e-09,
         -2.5938e-09, -2.5938e-09, -2.5938e-09, -2.5938e-09, -2.5938e-09,
         -2.5938e-09],
        [-2.5938e-09, -2.5938e-09, -2.5938e-09, -2.5938e-09, -2.5938e-09,
         -2.5938e-09, -2.5938e-09, -2.5938e-09, -2.5938e-09, -2.5938e-09,
         -2.5938e-09, -2.5938e-09, -2.5938e-09, -2.5938e-09, -2.5938e-09,
         -2.5938e-09, -2.5938e-09, -2.5938e-09, -2.5938e-09, -2.5938e-09,
         -2.5938e-09],
        [-2.5938e-09, -2.5938e-09, -2.5938e-09, -2.5938e-09, -2.5938e-09,
         -2.5938e-09, -2.5938e-09, -2.5938e-09, -2.5938e-09, -2.5938e-09,
         -2.5938e-09, -2.5938e-09, -2.5938e-09, -2.5938e-09, -2.5938e-09,
         -2.5938e-09, -2.5938e-09, -2.5938e-09, -2.5938e-09, -2.5938e-09,
         -2.5938e-09],
        [-2.5938e-09, -2.5938e-09, -2.5938e-09, -2.5938e-09, -2.5938e-09,
         -2.5938e-09, -2.5938e-09, -2.5938e-09, -2.5938e-09, -2.5938e-09,
         -2.5938e-09, -2.5938e-09, -2.5938e-09, -2.5938e-09, -2.5938e-09,
         -2.5938e-09, -2.5938e-09, -2.5938e-09, -2.5938e-09, -2.5938e-09,
         -2.5938e-09],
        [-2.5938e-09, -2.5938e-09, -2.5938e-09, -2.5938e-09, -2.5938e-09,
         -2.5938e-09, -2.5938e-09, -2.5938e-09, -2.5938e-09, -2.5938e-09,
         -2.5938e-09, -2.5938e-09, -2.5938e-09, -2.5938e-09, -2.5938e-09,
         -2.5938e-09, -2.5938e-09, -2.5938e-09, -2.5938e-09, -2.5938e-09,
         -2.5938e-09],
        [-2.5938e-09, -2.5938e-09, -2.5938e-09, -2.5938e-09, -2.5938e-09,
         -2.5938e-09, -2.5938e-09, -2.5938e-09, -2.5938e-09, -2.5938e-09,
         -2.5938e-09, -2.5938e-09, -2.5938e-09, -2.5938e-09, -2.5938e-09,
         -2.5938e-09, -2.5938e-09, -2.5938e-09, -2.5938e-09, -2.5938e-09,
         -2.5938e-09],
        [-2.5938e-09, -2.5938e-09, -2.5938e-09, -2.5938e-09, -2.5938e-09,
         -2.5938e-09, -2.5938e-09, -2.5938e-09, -2.5938e-09, -2.5938e-09,
         -2.5938e-09, -2.5938e-09, -2.5938e-09, -2.5938e-09, -2.5938e-09,
         -2.5938e-09, -2.5938e-09, -2.5938e-09, -2.5938e-09, -2.5938e-09,
         -2.5938e-09],
        [-2.5938e-09, -2.5938e-09, -2.5938e-09, -2.5938e-09, -2.5938e-09,
         -2.5938e-09, -2.5938e-09, -2.5938e-09, -2.5938e-09, -2.5938e-09,
         -2.5938e-09, -2.5938e-09, -2.5938e-09, -2.5938e-09, -2.5938e-09,
         -2.5938e-09, -2.5938e-09, -2.5938e-09, -2.5938e-09, -2.5938e-09,
         -2.5938e-09],
        [-2.5938e-09, -2.5938e-09, -2.5938e-09, -2.5938e-09, -2.5938e-09,
         -2.5938e-09, -2.5938e-09, -2.5938e-09, -2.5938e-09, -2.5938e-09,
         -2.5938e-09, -2.5938e-09, -2.5938e-09, -2.5938e-09, -2.5938e-09,
         -2.5938e-09, -2.5938e-09, -2.5938e-09, -2.5938e-09, -2.5938e-09,
         -2.5938e-09],
        [-2.5938e-09, -2.5938e-09, -2.5938e-09, -2.5938e-09, -2.5938e-09,
         -2.5938e-09, -2.5938e-09, -2.5938e-09, -2.5938e-09, -2.5938e-09,
         -2.5938e-09, -2.5938e-09, -2.5938e-09, -2.5938e-09, -2.5938e-09,
         -2.5938e-09, -2.5938e-09, -2.5938e-09, -2.5938e-09, -2.5938e-09,
         -2.5938e-09],
        [-2.5938e-09, -2.5938e-09, -2.5938e-09, -2.5938e-09, -2.5938e-09,
         -2.5938e-09, -2.5938e-09, -2.5938e-09, -2.5938e-09, -2.5938e-09,
         -2.5938e-09, -2.5938e-09, -2.5938e-09, -2.5938e-09, -2.5938e-09,
         -2.5938e-09, -2.5938e-09, -2.5938e-09, -2.5938e-09, -2.5938e-09,
         -2.5938e-09]])
tensor([-2.5938e-09, -2.5938e-09, -2.5938e-09, -2.5938e-09, -2.5938e-09,
        -2.5938e-09, -2.5938e-09, -2.5938e-09, -2.5938e-09, -2.5938e-09,
        -2.5938e-09, -2.5938e-09, -2.5938e-09, -2.5938e-09, -2.5938e-09,
        -2.5938e-09, -2.5938e-09, -2.5938e-09, -2.5938e-09, -2.5938e-09,
        -2.5938e-09])
[Layer 8]
tensor([[-0.0009, -0.0009, -0.0009, -0.0009, -0.0009, -0.0009, -0.0009, -0.0009,
         -0.0009, -0.0009, -0.0009, -0.0009, -0.0009, -0.0009, -0.0009, -0.0009,
         -0.0009, -0.0009, -0.0009, -0.0009, -0.0009],
        [-0.0009, -0.0009, -0.0009, -0.0009, -0.0009, -0.0009, -0.0009, -0.0009,
         -0.0009, -0.0009, -0.0009, -0.0009, -0.0009, -0.0009, -0.0009, -0.0009,
         -0.0009, -0.0009, -0.0009, -0.0009, -0.0009],
        [-0.0009, -0.0009, -0.0009, -0.0009, -0.0009, -0.0009, -0.0009, -0.0009,
         -0.0009, -0.0009, -0.0009, -0.0009, -0.0009, -0.0009, -0.0009, -0.0009,
         -0.0009, -0.0009, -0.0009, -0.0009, -0.0009],
        [-0.0009, -0.0009, -0.0009, -0.0009, -0.0009, -0.0009, -0.0009, -0.0009,
         -0.0009, -0.0009, -0.0009, -0.0009, -0.0009, -0.0009, -0.0009, -0.0009,
         -0.0009, -0.0009, -0.0009, -0.0009, -0.0009],
        [-0.0009, -0.0009, -0.0009, -0.0009, -0.0009, -0.0009, -0.0009, -0.0009,
         -0.0009, -0.0009, -0.0009, -0.0009, -0.0009, -0.0009, -0.0009, -0.0009,
         -0.0009, -0.0009, -0.0009, -0.0009, -0.0009],
        [-0.0009, -0.0009, -0.0009, -0.0009, -0.0009, -0.0009, -0.0009, -0.0009,
         -0.0009, -0.0009, -0.0009, -0.0009, -0.0009, -0.0009, -0.0009, -0.0009,
         -0.0009, -0.0009, -0.0009, -0.0009, -0.0009],
        [-0.0009, -0.0009, -0.0009, -0.0009, -0.0009, -0.0009, -0.0009, -0.0009,
         -0.0009, -0.0009, -0.0009, -0.0009, -0.0009, -0.0009, -0.0009, -0.0009,
         -0.0009, -0.0009, -0.0009, -0.0009, -0.0009],
        [-0.0009, -0.0009, -0.0009, -0.0009, -0.0009, -0.0009, -0.0009, -0.0009,
         -0.0009, -0.0009, -0.0009, -0.0009, -0.0009, -0.0009, -0.0009, -0.0009,
         -0.0009, -0.0009, -0.0009, -0.0009, -0.0009],
        [-0.0009, -0.0009, -0.0009, -0.0009, -0.0009, -0.0009, -0.0009, -0.0009,
         -0.0009, -0.0009, -0.0009, -0.0009, -0.0009, -0.0009, -0.0009, -0.0009,
         -0.0009, -0.0009, -0.0009, -0.0009, -0.0009],
        [-0.0009, -0.0009, -0.0009, -0.0009, -0.0009, -0.0009, -0.0009, -0.0009,
         -0.0009, -0.0009, -0.0009, -0.0009, -0.0009, -0.0009, -0.0009, -0.0009,
         -0.0009, -0.0009, -0.0009, -0.0009, -0.0009],
        [-0.0009, -0.0009, -0.0009, -0.0009, -0.0009, -0.0009, -0.0009, -0.0009,
         -0.0009, -0.0009, -0.0009, -0.0009, -0.0009, -0.0009, -0.0009, -0.0009,
         -0.0009, -0.0009, -0.0009, -0.0009, -0.0009],
        [-0.0009, -0.0009, -0.0009, -0.0009, -0.0009, -0.0009, -0.0009, -0.0009,
         -0.0009, -0.0009, -0.0009, -0.0009, -0.0009, -0.0009, -0.0009, -0.0009,
         -0.0009, -0.0009, -0.0009, -0.0009, -0.0009],
        [-0.0009, -0.0009, -0.0009, -0.0009, -0.0009, -0.0009, -0.0009, -0.0009,
         -0.0009, -0.0009, -0.0009, -0.0009, -0.0009, -0.0009, -0.0009, -0.0009,
         -0.0009, -0.0009, -0.0009, -0.0009, -0.0009],
        [-0.0009, -0.0009, -0.0009, -0.0009, -0.0009, -0.0009, -0.0009, -0.0009,
         -0.0009, -0.0009, -0.0009, -0.0009, -0.0009, -0.0009, -0.0009, -0.0009,
         -0.0009, -0.0009, -0.0009, -0.0009, -0.0009],
        [-0.0009, -0.0009, -0.0009, -0.0009, -0.0009, -0.0009, -0.0009, -0.0009,
         -0.0009, -0.0009, -0.0009, -0.0009, -0.0009, -0.0009, -0.0009, -0.0009,
         -0.0009, -0.0009, -0.0009, -0.0009, -0.0009],
        [-0.0009, -0.0009, -0.0009, -0.0009, -0.0009, -0.0009, -0.0009, -0.0009,
         -0.0009, -0.0009, -0.0009, -0.0009, -0.0009, -0.0009, -0.0009, -0.0009,
         -0.0009, -0.0009, -0.0009, -0.0009, -0.0009],
        [-0.0009, -0.0009, -0.0009, -0.0009, -0.0009, -0.0009, -0.0009, -0.0009,
         -0.0009, -0.0009, -0.0009, -0.0009, -0.0009, -0.0009, -0.0009, -0.0009,
         -0.0009, -0.0009, -0.0009, -0.0009, -0.0009],
        [-0.0009, -0.0009, -0.0009, -0.0009, -0.0009, -0.0009, -0.0009, -0.0009,
         -0.0009, -0.0009, -0.0009, -0.0009, -0.0009, -0.0009, -0.0009, -0.0009,
         -0.0009, -0.0009, -0.0009, -0.0009, -0.0009],
        [-0.0009, -0.0009, -0.0009, -0.0009, -0.0009, -0.0009, -0.0009, -0.0009,
         -0.0009, -0.0009, -0.0009, -0.0009, -0.0009, -0.0009, -0.0009, -0.0009,
         -0.0009, -0.0009, -0.0009, -0.0009, -0.0009],
        [-0.0009, -0.0009, -0.0009, -0.0009, -0.0009, -0.0009, -0.0009, -0.0009,
         -0.0009, -0.0009, -0.0009, -0.0009, -0.0009, -0.0009, -0.0009, -0.0009,
         -0.0009, -0.0009, -0.0009, -0.0009, -0.0009],
        [-0.0009, -0.0009, -0.0009, -0.0009, -0.0009, -0.0009, -0.0009, -0.0009,
         -0.0009, -0.0009, -0.0009, -0.0009, -0.0009, -0.0009, -0.0009, -0.0009,
         -0.0009, -0.0009, -0.0009, -0.0009, -0.0009]])
tensor([-0.0009, -0.0009, -0.0009, -0.0009, -0.0009, -0.0009, -0.0009, -0.0009,
        -0.0009, -0.0009, -0.0009, -0.0009, -0.0009, -0.0009, -0.0009, -0.0009,
        -0.0009, -0.0009, -0.0009, -0.0009, -0.0009])
[Layer 9]
tensor([[1.4938],
        [1.4938],
        [1.4938],
        [1.4938],
        [1.4938],
        [1.4938],
        [1.4938],
        [1.4938],
        [1.4938],
        [1.4938],
        [1.4938],
        [1.4938],
        [1.4938],
        [1.4938],
        [1.4938],
        [1.4938],
        [1.4938],
        [1.4938],
        [1.4938],
        [1.4938],
        [1.4938]])
tensor(1.4938)
